Calibration values from cell 0 to 1024 for channel 0:

39	14	32	36	36	-38	85	20	cell = 0 to 7
37	-25	24	35	60	-32	37	0	cell = 8 to 15
57	-7	67	13	25	26	14	-53	cell = 16 to 23
95	16	66	21	25	26	35	-6	cell = 24 to 31
32	-7	24	-29	28	2	41	-1	cell = 32 to 39
21	-3	39	-28	46	-3	37	2	cell = 40 to 47
71	-6	56	6	41	1	55	8	cell = 48 to 55
38	-13	32	-19	56	14	36	-27	cell = 56 to 63
72	0	35	18	79	10	33	-35	cell = 64 to 71
116	14	25	-29	59	-30	27	-29	cell = 72 to 79
47	-20	26	-10	87	22	78	-27	cell = 80 to 87
-12	-15	47	-10	52	-12	13	4	cell = 88 to 95
61	-9	56	-10	12	12	12	3	cell = 96 to 103
79	-43	57	17	68	-18	44	-3	cell = 104 to 111
27	-4	14	36	55	-20	4	-10	cell = 112 to 119
54	-1	77	-52	42	29	66	-34	cell = 120 to 127
25	9	39	-6	2	-21	31	9	cell = 128 to 135
57	29	67	0	27	-27	63	0	cell = 136 to 143
31	11	54	-8	44	-31	15	29	cell = 144 to 151
44	25	67	4	72	-11	40	-22	cell = 152 to 159
8	-21	23	14	34	-5	46	40	cell = 160 to 167
53	-4	2	-34	56	40	42	-38	cell = 168 to 175
35	-22	24	-27	68	-27	12	26	cell = 176 to 183
28	-12	34	60	-9	34	49	-34	cell = 184 to 191
26	-14	43	3	53	-42	21	-9	cell = 192 to 199
61	-17	42	27	68	-48	27	-16	cell = 200 to 207
52	17	-5	23	63	-28	64	-25	cell = 208 to 215
45	-10	78	7	55	-17	-3	-2	cell = 216 to 223
26	-23	44	-67	64	8	19	-52	cell = 224 to 231
52	-17	32	-23	75	6	25	22	cell = 232 to 239
81	-36	53	-21	65	-13	56	-49	cell = 240 to 247
49	-2	59	-2	51	5	37	-12	cell = 248 to 255
83	-34	60	-45	31	6	90	-15	cell = 256 to 263
43	-7	42	-37	36	3	32	10	cell = 264 to 271
62	-3	94	25	30	0	70	-12	cell = 272 to 279
85	-34	4	10	74	8	20	-5	cell = 280 to 287
18	-23	10	6	50	-12	51	21	cell = 288 to 295
67	-33	57	-13	25	-18	61	-20	cell = 296 to 303
34	-13	47	-25	32	-18	22	-8	cell = 304 to 311
28	-26	19	6	36	4	38	-17	cell = 312 to 319
21	-24	35	-24	91	31	7	41	cell = 320 to 327
83	-10	80	6	39	-28	51	-32	cell = 328 to 335
53	-44	21	-13	27	-11	57	-28	cell = 336 to 343
9	-24	43	23	45	5	67	10	cell = 344 to 351
39	-8	-12	-28	46	-4	46	-46	cell = 352 to 359
49	-70	16	1	29	-42	45	-18	cell = 360 to 367
44	12	53	9	19	-31	32	-8	cell = 368 to 375
26	0	-23	-25	90	2	100	-5	cell = 376 to 383
28	8	58	-26	68	-6	67	-34	cell = 384 to 391
15	10	50	-18	76	-17	53	-11	cell = 392 to 399
52	-30	110	-17	9	-26	21	-9	cell = 400 to 407
28	-27	33	-18	44	26	24	19	cell = 408 to 415
36	-20	54	-9	44	20	69	-34	cell = 416 to 423
51	-28	55	24	53	-5	90	20	cell = 424 to 431
81	-25	9	-37	48	-27	51	-18	cell = 432 to 439
42	5	27	-19	33	-37	8	-49	cell = 440 to 447
85	-22	78	-7	34	-18	48	-10	cell = 448 to 455
46	11	70	22	56	-47	47	2	cell = 456 to 463
54	-15	12	-14	43	32	18	7	cell = 464 to 471
38	-8	34	-8	41	-25	40	9	cell = 472 to 479
39	2	26	-31	42	9	1	-5	cell = 480 to 487
64	-45	41	-6	61	-35	15	-14	cell = 488 to 495
55	1	3	-103	3	-83	-51	-91	cell = 496 to 503
43	11	56	-24	30	2	46	13	cell = 504 to 511
-39	-33	8	-21	-10	-31	-36	-2	cell = 512 to 519
-24	-2	30	-21	-18	-38	-24	9	cell = 520 to 527
-26	-22	-11	-16	-18	-32	3	5	cell = 528 to 535
-27	-23	4	-37	-26	-7	-25	-22	cell = 536 to 543
-51	-13	-12	-9	-38	-59	-12	-16	cell = 544 to 551
-44	-35	-37	-8	-24	4	-37	8	cell = 552 to 559
-2	15	-20	-49	-47	32	0	4	cell = 560 to 567
-19	-24	-25	-13	-37	24	-38	-45	cell = 568 to 575
-12	15	-13	-31	-28	-5	-62	-15	cell = 576 to 583
-33	-5	-39	-19	-29	2	11	-53	cell = 584 to 591
-16	-5	-9	10	3	-9	-14	-47	cell = 592 to 599
-42	21	-44	26	-37	-24	-31	-11	cell = 600 to 607
-4	-7	-5	28	-20	-71	-58	-1	cell = 608 to 615
-20	-19	6	-78	-19	-33	-10	-39	cell = 616 to 623
30	-18	-14	-16	-31	17	-13	-47	cell = 624 to 631
-6	-14	22	4	-29	-31	-53	-31	cell = 632 to 639
-14	-28	-41	23	-13	-5	-34	13	cell = 640 to 647
-24	-28	-18	-33	-15	-54	25	-43	cell = 648 to 655
-8	32	-19	-10	6	-24	-8	12	cell = 656 to 663
-70	-18	-50	-24	-5	-26	-39	-2	cell = 664 to 671
4	-24	-22	-47	-17	1	-7	-31	cell = 672 to 679
-49	6	-47	23	-34	-27	1	-60	cell = 680 to 687
3	-5	-28	-19	6	30	8	-34	cell = 688 to 695
-40	30	-45	-12	-23	-29	-7	-2	cell = 696 to 703
-16	-31	18	0	-3	-34	-2	6	cell = 704 to 711
-55	-3	-12	-8	-49	-14	-20	15	cell = 712 to 719
-26	-1	0	-14	-48	9	-32	-20	cell = 720 to 727
-27	-21	-2	-37	-17	-15	-21	-17	cell = 728 to 735
-34	-11	-38	-29	-30	-31	-37	-26	cell = 736 to 743
-34	-29	0	0	-8	13	3	-22	cell = 744 to 751
-37	-32	-17	-34	-30	28	-2	-28	cell = 752 to 759
-49	32	14	-13	-15	8	-14	10	cell = 760 to 767
-7	30	-20	-1	-19	-4	-8	-6	cell = 768 to 775
-2	-15	-13	8	-15	-9	-24	-24	cell = 776 to 783
-17	-17	-27	-34	-39	2	-7	-23	cell = 784 to 791
-4	-10	-64	-62	12	5	-11	-29	cell = 792 to 799
-25	-33	-22	-17	-43	-9	-74	-27	cell = 800 to 807
-48	-38	9	-26	-8	-38	20	-28	cell = 808 to 815
13	-15	-15	-37	12	-7	-27	-11	cell = 816 to 823
-25	-11	-7	38	5	15	1	-19	cell = 824 to 831
-50	1	7	-16	-32	-23	1	8	cell = 832 to 839
-29	-51	-7	16	-27	-8	-4	-47	cell = 840 to 847
-15	-31	19	28	-33	-3	-32	-10	cell = 848 to 855
-44	-17	1	-21	-28	-12	-18	-42	cell = 856 to 863
-25	15	-7	-21	-20	4	-7	-43	cell = 864 to 871
-37	-14	31	-48	-4	-37	-68	-36	cell = 872 to 879
-30	-34	7	-11	-20	-57	-17	41	cell = 880 to 887
-50	-30	-16	-10	-5	-10	-14	-55	cell = 888 to 895
-60	-20	-7	21	-24	-49	-18	-41	cell = 896 to 903
-28	-57	-22	0	-16	9	-30	0	cell = 904 to 911
-15	-15	16	-23	-25	-25	-10	27	cell = 912 to 919
-3	-10	-29	10	-29	-16	-10	-54	cell = 920 to 927
-20	-12	0	-14	-4	28	-19	-21	cell = 928 to 935
-50	23	-24	-9	8	-5	-26	-34	cell = 936 to 943
-26	-21	3	4	20	-2	26	-23	cell = 944 to 951
-14	-21	3	-44	-8	-7	-5	-12	cell = 952 to 959
-43	0	13	-29	-46	-2	-48	-30	cell = 960 to 967
-58	-29	-11	-32	-28	-12	-4	2	cell = 968 to 975
-30	0	-9	-4	-7	-15	-25	-40	cell = 976 to 983
-16	-11	18	3	-45	-23	-68	-1	cell = 984 to 991
-18	5	-25	-29	-19	-26	-11	-44	cell = 992 to 999
-15	-15	-14	19	-44	-23	-15	-17	cell = 1000 to 1007
-54	-24	-10	-14	-69	-3	-26	4	cell = 1008 to 1015
-13	-10	-16	-12	-38	-24	-23	-30	cell = 1016 to 1023
Calibration values from cell 0 to 1024 for channel 1:

-5	-2	31	-2	58	-40	19	-43	cell = 0 to 7
22	-18	42	6	78	11	49	-12	cell = 8 to 15
-3	-20	65	16	37	-31	63	-9	cell = 16 to 23
61	9	23	-4	11	-37	54	10	cell = 24 to 31
41	2	76	11	47	36	2	-27	cell = 32 to 39
23	-26	11	-21	54	-9	16	-50	cell = 40 to 47
42	-2	79	-9	20	-8	51	13	cell = 48 to 55
24	39	34	1	48	7	40	2	cell = 56 to 63
39	16	19	-48	-4	-27	26	-29	cell = 64 to 71
79	-13	23	-3	37	19	0	-49	cell = 72 to 79
54	-10	47	-7	41	-5	42	20	cell = 80 to 87
24	15	44	-41	38	-15	11	-9	cell = 88 to 95
30	-47	52	3	35	6	44	-12	cell = 96 to 103
15	-10	27	2	55	18	29	14	cell = 104 to 111
69	29	53	4	18	14	80	-15	cell = 112 to 119
76	10	80	21	7	11	58	15	cell = 120 to 127
59	9	52	-17	61	-19	33	12	cell = 128 to 135
59	-5	39	-36	19	-8	53	14	cell = 136 to 143
42	-21	56	0	90	-42	58	3	cell = 144 to 151
30	-34	67	11	38	38	5	27	cell = 152 to 159
55	-44	16	-9	46	5	6	-15	cell = 160 to 167
16	-33	72	-22	6	-16	22	14	cell = 168 to 175
61	17	49	24	38	-22	48	24	cell = 176 to 183
5	20	40	11	30	-14	38	-5	cell = 184 to 191
71	9	59	-38	53	3	24	-7	cell = 192 to 199
38	-25	13	-14	33	-8	60	-38	cell = 200 to 207
74	-27	79	-26	44	-20	63	-28	cell = 208 to 215
23	-23	-8	37	53	2	20	8	cell = 216 to 223
53	-10	68	-41	12	-22	30	-30	cell = 224 to 231
47	18	35	-1	54	-6	27	-5	cell = 232 to 239
54	-38	54	-20	55	-44	31	-21	cell = 240 to 247
34	-44	48	-9	29	-8	12	-20	cell = 248 to 255
70	-34	74	-2	50	6	46	14	cell = 256 to 263
47	7	56	44	29	26	17	-9	cell = 264 to 271
58	-39	1	-18	102	-27	10	-35	cell = 272 to 279
84	-4	35	-13	45	-1	42	-17	cell = 280 to 287
82	-13	1	-60	67	-41	21	-35	cell = 288 to 295
34	-45	27	-21	34	-2	70	-36	cell = 296 to 303
36	18	70	-36	59	-30	7	-13	cell = 304 to 311
35	-2	31	-18	23	-27	57	4	cell = 312 to 319
23	15	-12	24	24	-34	61	-20	cell = 320 to 327
35	-32	67	-20	36	-7	44	-6	cell = 328 to 335
35	-32	62	8	77	8	26	-8	cell = 336 to 343
90	-25	43	8	30	0	33	8	cell = 344 to 351
33	17	54	-8	28	-30	82	-14	cell = 352 to 359
57	-21	74	-6	12	-6	57	-15	cell = 360 to 367
61	-25	38	-14	26	-4	40	-11	cell = 368 to 375
58	-3	61	-35	49	-9	49	15	cell = 376 to 383
88	-36	46	-14	-1	-11	20	-30	cell = 384 to 391
52	-30	39	-7	36	54	56	-23	cell = 392 to 399
47	-6	22	3	67	-42	18	-57	cell = 400 to 407
49	-1	16	-9	42	17	37	-2	cell = 408 to 415
19	-26	42	10	48	-6	49	2	cell = 416 to 423
57	-4	83	-3	84	-10	64	-3	cell = 424 to 431
52	12	63	-7	25	-26	38	-28	cell = 432 to 439
57	-8	38	-7	46	34	39	-12	cell = 440 to 447
77	-23	65	-22	12	-10	41	0	cell = 448 to 455
70	-26	34	-6	68	-20	34	-65	cell = 456 to 463
69	-8	11	-27	31	48	64	36	cell = 464 to 471
33	2	42	3	59	-6	63	-4	cell = 472 to 479
66	-14	45	-32	28	-60	46	-6	cell = 480 to 487
47	9	34	17	25	-16	70	-1	cell = 488 to 495
16	16	8	-88	-30	-71	0	-114	cell = 496 to 503
41	24	40	3	25	-35	33	4	cell = 504 to 511
-20	29	-39	-49	-33	-47	-9	-45	cell = 512 to 519
-5	-18	17	-11	-8	5	-27	-18	cell = 520 to 527
-34	1	-6	-54	-17	28	18	26	cell = 528 to 535
4	-3	-48	16	-53	-6	2	-19	cell = 536 to 543
-2	-14	-11	-16	-24	-24	-13	8	cell = 544 to 551
-16	-53	-24	-20	-54	17	12	-13	cell = 552 to 559
-13	-33	-11	-20	-32	-50	-30	-51	cell = 560 to 567
-48	-58	-16	-20	-10	-21	-54	-12	cell = 568 to 575
-6	4	-17	-6	-9	-14	-3	-7	cell = 576 to 583
-7	-48	-14	-7	-21	-9	2	22	cell = 584 to 591
-46	-20	-22	-11	-48	1	3	-6	cell = 592 to 599
3	-22	-15	-15	-28	-53	-38	-21	cell = 600 to 607
-24	-10	-17	17	-14	-31	-29	-9	cell = 608 to 615
-36	9	-14	-31	-25	-23	1	-19	cell = 616 to 623
-10	-30	-24	-41	-31	-15	-24	-13	cell = 624 to 631
-8	-10	-59	-11	-5	0	-25	-35	cell = 632 to 639
2	0	-9	-13	7	28	-19	-34	cell = 640 to 647
-21	-11	-13	33	11	-19	-31	-29	cell = 648 to 655
-50	20	-40	11	10	-18	-45	-23	cell = 656 to 663
2	-14	-6	7	-16	-1	-44	-18	cell = 664 to 671
-4	-13	10	15	31	-14	-54	6	cell = 672 to 679
4	7	-18	-6	7	-7	-24	2	cell = 680 to 687
-26	-8	22	-39	-23	-43	-13	-25	cell = 688 to 695
2	12	-22	13	-21	-34	-51	-5	cell = 696 to 703
-58	9	-29	-24	-35	-24	-11	-39	cell = 704 to 711
-41	-37	-6	6	-26	-44	0	-7	cell = 712 to 719
-34	23	-25	-34	-19	2	-49	-3	cell = 720 to 727
-30	-22	-35	-21	4	-11	0	-28	cell = 728 to 735
-44	3	-25	-13	5	-21	-12	-24	cell = 736 to 743
-1	-10	0	-55	-54	16	-36	-3	cell = 744 to 751
-49	-16	8	-26	-42	-19	-31	8	cell = 752 to 759
-33	12	-8	-32	-2	19	-25	6	cell = 760 to 767
-18	4	-32	-36	-6	-53	-61	-2	cell = 768 to 775
-49	-13	-7	-31	-17	2	-3	0	cell = 776 to 783
8	20	-14	-15	-14	-19	14	-2	cell = 784 to 791
-2	-31	-3	-27	-8	-4	-21	-24	cell = 792 to 799
-11	-31	2	-39	-39	-26	-8	-51	cell = 800 to 807
-29	-70	-13	-42	6	-24	-30	-21	cell = 808 to 815
-13	-17	20	-4	-26	-50	-33	-28	cell = 816 to 823
-9	15	-32	-8	-41	-48	-17	27	cell = 824 to 831
-28	-7	-1	12	-2	-7	-30	-32	cell = 832 to 839
-24	-21	-24	-22	-37	-13	16	-43	cell = 840 to 847
-19	-16	0	-18	-31	-27	-27	11	cell = 848 to 855
-7	10	25	21	-13	-18	-48	4	cell = 856 to 863
-34	-11	2	21	-34	-7	-54	-19	cell = 864 to 871
-47	-6	3	-5	-46	-26	-7	-28	cell = 872 to 879
7	-32	-1	-32	-5	-11	-32	-40	cell = 880 to 887
-53	-29	-53	-45	-19	-11	-43	-2	cell = 888 to 895
-10	1	-24	7	-38	-36	-10	15	cell = 896 to 903
-42	-12	9	-3	4	-18	-11	-13	cell = 904 to 911
-28	12	-16	31	-33	-10	21	-40	cell = 912 to 919
-25	-19	3	-3	-41	-32	-20	-9	cell = 920 to 927
8	-35	-70	-52	-34	56	-14	-13	cell = 928 to 935
-6	-30	-34	10	-7	29	-27	-17	cell = 936 to 943
-41	-41	-13	14	-6	38	-21	-2	cell = 944 to 951
-11	6	-44	-40	-39	21	-8	-8	cell = 952 to 959
-7	-45	-8	-5	-14	-24	-42	-16	cell = 960 to 967
-39	2	-43	-4	-21	-35	-5	-18	cell = 968 to 975
-24	-34	-62	6	-27	31	23	1	cell = 976 to 983
-7	-17	-13	-38	9	-12	-13	-25	cell = 984 to 991
-42	20	-32	-14	-9	-14	2	32	cell = 992 to 999
-10	-4	-8	-39	-29	-13	-62	-17	cell = 1000 to 1007
-4	-15	12	-60	-29	-20	-4	-29	cell = 1008 to 1015
1	-5	22	-3	-47	-7	-2	-3	cell = 1016 to 1023
Calibration values from cell 0 to 1024 for channel 2:

65	-19	79	26	27	2	-6	8	cell = 0 to 7
0	-11	49	7	33	25	55	-4	cell = 8 to 15
53	0	69	-18	45	34	52	-43	cell = 16 to 23
55	-34	23	19	24	-55	13	2	cell = 24 to 31
63	-42	59	25	-13	47	59	-18	cell = 32 to 39
58	16	46	32	34	11	31	-32	cell = 40 to 47
54	-15	31	15	63	-10	28	-48	cell = 48 to 55
23	-11	60	-29	29	7	52	13	cell = 56 to 63
59	-26	46	-5	19	13	71	-15	cell = 64 to 71
72	-39	61	27	17	-5	69	3	cell = 72 to 79
31	4	31	-17	11	13	27	-52	cell = 80 to 87
36	24	55	-23	50	3	18	-51	cell = 88 to 95
42	29	12	-31	77	-15	53	-16	cell = 96 to 103
16	3	56	20	76	12	65	3	cell = 104 to 111
52	-1	10	-24	60	9	9	-33	cell = 112 to 119
47	-48	50	-21	13	-2	-13	-9	cell = 120 to 127
77	27	113	-14	33	-21	47	20	cell = 128 to 135
103	11	19	-21	12	31	28	22	cell = 136 to 143
35	12	8	-10	65	-6	55	32	cell = 144 to 151
65	9	65	2	48	-28	19	-54	cell = 152 to 159
60	-12	67	28	27	-15	65	-20	cell = 160 to 167
29	8	-18	32	28	-26	66	-10	cell = 168 to 175
53	-31	13	-6	51	-7	36	21	cell = 176 to 183
64	-15	76	13	6	0	51	-35	cell = 184 to 191
60	-10	37	31	66	-25	69	-46	cell = 192 to 199
29	21	40	2	43	-15	55	-14	cell = 200 to 207
75	-11	45	-4	19	-12	62	-7	cell = 208 to 215
29	15	72	-11	9	15	17	1	cell = 216 to 223
19	23	42	-38	24	-4	61	-18	cell = 224 to 231
21	3	56	24	19	23	37	5	cell = 232 to 239
9	-8	34	27	0	-28	84	-42	cell = 240 to 247
38	-32	37	21	15	4	27	29	cell = 248 to 255
41	-10	77	-35	48	7	63	-5	cell = 256 to 263
56	0	60	-10	49	7	60	-18	cell = 264 to 271
37	-26	13	23	-3	-17	61	-29	cell = 272 to 279
97	-18	8	-24	45	-34	45	-8	cell = 280 to 287
2	1	73	-18	22	-5	25	2	cell = 288 to 295
58	-44	42	-49	51	-32	55	19	cell = 296 to 303
3	17	24	-4	41	-7	85	32	cell = 304 to 311
36	-17	46	-26	41	4	-4	-42	cell = 312 to 319
58	0	39	11	27	25	39	-54	cell = 320 to 327
81	32	-6	-44	4	-43	23	25	cell = 328 to 335
49	28	50	-42	46	-39	34	21	cell = 336 to 343
14	-24	34	27	12	-19	55	14	cell = 344 to 351
20	-15	49	-4	65	-5	34	1	cell = 352 to 359
18	-19	76	-20	55	-10	38	-53	cell = 360 to 367
38	-6	45	-33	22	24	18	2	cell = 368 to 375
40	6	94	2	48	-67	32	-38	cell = 376 to 383
61	-7	16	-7	28	24	19	-9	cell = 384 to 391
70	-29	36	-38	69	9	15	-40	cell = 392 to 399
25	1	53	8	32	0	45	-66	cell = 400 to 407
55	-29	21	-19	57	-34	37	-22	cell = 408 to 415
43	-21	51	12	63	5	33	-2	cell = 416 to 423
36	-8	41	-8	9	7	32	-12	cell = 424 to 431
53	-27	57	-14	13	-6	-16	-26	cell = 432 to 439
58	-16	10	-7	58	30	44	-23	cell = 440 to 447
46	-6	76	-1	46	-41	45	7	cell = 448 to 455
71	-23	93	28	57	-11	45	27	cell = 456 to 463
35	-18	18	-8	48	-34	29	25	cell = 464 to 471
52	-21	57	10	28	-3	59	-2	cell = 472 to 479
32	3	22	-8	68	3	38	5	cell = 480 to 487
72	-33	32	1	53	11	38	41	cell = 488 to 495
37	-23	17	-89	-60	-92	-8	-55	cell = 496 to 503
51	-14	15	-6	43	-62	14	-30	cell = 504 to 511
-22	-35	-22	-5	-43	-32	-48	-7	cell = 512 to 519
-7	-11	-10	-2	-15	-56	8	-22	cell = 520 to 527
-20	-14	-29	4	-61	-57	-20	2	cell = 528 to 535
-19	-16	-48	-55	-33	19	-35	-45	cell = 536 to 543
0	9	7	-14	-12	-29	-36	-23	cell = 544 to 551
-17	-31	-4	-1	-23	-45	-14	-33	cell = 552 to 559
-45	28	-22	-24	-18	36	-64	-25	cell = 560 to 567
-2	12	-6	5	-17	-3	-29	15	cell = 568 to 575
-15	-26	-26	20	-59	-29	-2	-47	cell = 576 to 583
15	22	-15	8	-5	-12	-17	-5	cell = 584 to 591
-39	28	-28	-15	-29	-19	17	10	cell = 592 to 599
-6	-21	-28	-11	23	-28	-24	29	cell = 600 to 607
3	12	-27	-6	-4	42	-37	7	cell = 608 to 615
-14	-22	5	-29	-29	-32	-22	2	cell = 616 to 623
-46	-38	-14	-17	-17	-31	11	-28	cell = 624 to 631
3	-10	-80	17	-62	-34	-20	-44	cell = 632 to 639
-29	18	-30	-15	-32	-17	-39	-37	cell = 640 to 647
-25	-16	-1	-33	8	10	-28	-12	cell = 648 to 655
-25	-35	-17	-28	-17	-13	-24	-40	cell = 656 to 663
-8	16	-35	0	-23	-38	23	0	cell = 664 to 671
-8	-41	14	-26	-10	-1	-37	5	cell = 672 to 679
-14	-21	-34	16	-36	-20	-3	-55	cell = 680 to 687
-62	-18	-17	43	-34	-19	-9	-17	cell = 688 to 695
-34	-29	20	-19	-20	-42	-50	1	cell = 696 to 703
-3	25	-14	-30	15	-22	-19	-29	cell = 704 to 711
-21	8	-40	-25	-27	-38	-53	-31	cell = 712 to 719
-14	1	-10	-6	-18	-11	-16	-4	cell = 720 to 727
-23	-39	5	-1	-3	17	-22	-18	cell = 728 to 735
-33	-25	-11	-4	-36	-28	-30	14	cell = 736 to 743
-61	-9	-21	16	11	-31	-11	23	cell = 744 to 751
-48	-62	3	-70	-33	2	-34	13	cell = 752 to 759
-14	11	-23	-27	-9	-22	-41	14	cell = 760 to 767
-19	-33	-2	-17	-14	-18	9	-17	cell = 768 to 775
-54	-3	-54	-9	-26	-21	10	-18	cell = 776 to 783
24	-20	-40	17	-8	3	-38	-17	cell = 784 to 791
-66	-12	-38	-6	-31	-17	-16	-30	cell = 792 to 799
-8	-12	-4	15	-35	-46	-35	-32	cell = 800 to 807
7	31	-19	8	-24	-26	-27	-39	cell = 808 to 815
-12	2	10	-17	-18	21	19	6	cell = 816 to 823
-19	2	-58	-27	-3	-40	-24	-32	cell = 824 to 831
-1	-6	-4	-21	17	18	-50	13	cell = 832 to 839
22	-25	-15	-16	-6	18	9	-28	cell = 840 to 847
-53	-39	-9	-7	-7	-26	-36	-31	cell = 848 to 855
-50	4	-43	-5	-73	-38	-32	-55	cell = 856 to 863
-24	22	-48	28	-47	-43	-52	-60	cell = 864 to 871
-23	-32	-12	-25	-47	3	-14	-14	cell = 872 to 879
13	1	-34	-28	11	15	-3	8	cell = 880 to 887
-2	-12	-32	-6	-7	10	-9	14	cell = 888 to 895
12	-22	-42	13	-25	-3	-5	-3	cell = 896 to 903
-40	18	1	-7	-14	-1	9	-43	cell = 904 to 911
-2	25	19	-20	-33	-8	-38	4	cell = 912 to 919
-42	-1	-5	-19	-39	-12	31	-19	cell = 920 to 927
-31	-24	-29	8	-25	-33	21	15	cell = 928 to 935
4	-20	-21	-12	-12	-42	-47	-40	cell = 936 to 943
-14	16	-11	-6	-43	22	31	-43	cell = 944 to 951
-14	-39	-36	-43	-12	-10	-8	21	cell = 952 to 959
-22	4	-11	7	-34	25	-45	8	cell = 960 to 967
-31	-32	-11	10	-29	15	-36	-20	cell = 968 to 975
-56	-7	16	9	16	-22	-40	-29	cell = 976 to 983
-33	-61	-30	-10	-12	-17	13	-57	cell = 984 to 991
-63	-15	-37	7	-1	-35	-51	-40	cell = 992 to 999
-50	-38	6	-20	-15	-11	-10	-21	cell = 1000 to 1007
-38	1	-11	-14	0	-35	-12	2	cell = 1008 to 1015
-34	-29	-41	2	-7	3	-37	-39	cell = 1016 to 1023
Calibration values from cell 0 to 1024 for channel 3:

68	-42	48	2	57	17	14	12	cell = 0 to 7
69	-23	45	19	64	-58	41	50	cell = 8 to 15
45	37	30	-20	-16	20	60	-3	cell = 16 to 23
53	-33	39	-28	42	-18	63	-2	cell = 24 to 31
42	-25	29	2	86	-54	27	-9	cell = 32 to 39
38	-44	24	7	62	4	15	-50	cell = 40 to 47
28	-7	55	6	23	-14	59	-12	cell = 48 to 55
44	-12	18	0	57	19	32	-10	cell = 56 to 63
89	-25	45	-4	41	13	60	-19	cell = 64 to 71
22	19	26	27	70	-19	58	-29	cell = 72 to 79
27	-7	22	30	67	-17	41	0	cell = 80 to 87
15	2	29	-13	57	17	49	2	cell = 88 to 95
57	-9	-33	12	43	1	23	-18	cell = 96 to 103
38	-31	28	-35	39	0	45	0	cell = 104 to 111
43	48	34	-26	49	-44	55	2	cell = 112 to 119
63	-16	51	-20	70	-27	61	-40	cell = 120 to 127
40	-59	36	-32	69	-5	53	-58	cell = 128 to 135
54	-8	79	14	48	-52	26	39	cell = 136 to 143
45	-27	73	-27	-2	-38	44	16	cell = 144 to 151
21	-1	31	-11	20	-27	26	-19	cell = 152 to 159
52	-10	26	15	59	35	13	0	cell = 160 to 167
15	-24	63	-18	46	-33	29	40	cell = 168 to 175
44	24	12	-53	63	-16	43	12	cell = 176 to 183
62	-42	23	17	8	10	7	-2	cell = 184 to 191
51	24	4	-43	57	15	51	-36	cell = 192 to 199
74	-5	1	20	63	26	33	-49	cell = 200 to 207
82	8	53	-3	71	-11	20	-26	cell = 208 to 215
57	-39	15	-17	45	14	73	3	cell = 216 to 223
55	16	39	-68	38	-9	65	-10	cell = 224 to 231
36	-41	15	2	57	-7	48	30	cell = 232 to 239
35	-18	15	-1	7	12	11	-31	cell = 240 to 247
18	-72	31	1	32	-23	43	14	cell = 248 to 255
28	-29	31	20	72	-27	-19	35	cell = 256 to 263
23	1	21	6	50	-15	33	2	cell = 264 to 271
54	3	40	6	44	2	46	-12	cell = 272 to 279
51	-15	30	-49	31	-14	61	-30	cell = 280 to 287
8	12	62	-12	42	-42	74	-32	cell = 288 to 295
19	10	57	2	61	-9	47	-11	cell = 296 to 303
52	16	47	-24	21	26	51	-25	cell = 304 to 311
65	-4	59	-20	36	2	37	7	cell = 312 to 319
57	13	-23	0	60	29	10	-39	cell = 320 to 327
28	-15	58	-28	30	9	23	-31	cell = 328 to 335
66	7	63	14	37	-33	65	-33	cell = 336 to 343
54	13	39	0	11	-2	31	6	cell = 344 to 351
61	-12	47	-9	50	-35	28	20	cell = 352 to 359
16	-35	37	-21	50	-45	16	-34	cell = 360 to 367
20	2	37	-12	26	-35	20	-20	cell = 368 to 375
88	12	28	-21	52	19	32	4	cell = 376 to 383
62	-2	74	-22	62	16	20	38	cell = 384 to 391
87	-34	73	-15	13	-11	55	31	cell = 392 to 399
74	-4	70	0	38	-26	53	-28	cell = 400 to 407
67	17	37	-48	60	-12	28	-28	cell = 408 to 415
90	-25	60	-6	47	-11	29	-10	cell = 416 to 423
35	1	57	-36	96	-19	16	-18	cell = 424 to 431
59	4	71	0	1	3	18	18	cell = 432 to 439
67	-9	61	7	37	14	80	-65	cell = 440 to 447
76	-36	42	-5	30	-35	7	-38	cell = 448 to 455
37	-19	22	-19	10	-16	45	-8	cell = 456 to 463
39	20	13	-23	45	-30	31	17	cell = 464 to 471
48	-21	64	-41	64	-11	40	-27	cell = 472 to 479
18	-12	51	-36	10	-16	12	-9	cell = 480 to 487
26	10	8	-4	45	-29	25	35	cell = 488 to 495
55	-45	14	-100	-16	-75	-6	-75	cell = 496 to 503
58	23	42	8	47	-26	37	18	cell = 504 to 511
-58	-32	-10	-32	7	-11	41	28	cell = 512 to 519
3	-36	-21	19	-35	6	-33	-7	cell = 520 to 527
-22	-36	-26	-1	2	30	-8	-5	cell = 528 to 535
5	-19	-34	-1	-16	-52	-20	-38	cell = 536 to 543
0	-19	-2	20	-61	7	-37	-56	cell = 544 to 551
-28	-6	-39	-9	13	-2	-43	-24	cell = 552 to 559
-11	27	-27	8	-52	-10	47	-32	cell = 560 to 567
-51	-3	-7	-20	-32	0	-42	-1	cell = 568 to 575
-27	13	-46	-11	-54	-1	-34	-56	cell = 576 to 583
-30	0	-32	-36	-48	-6	-13	15	cell = 584 to 591
4	26	-40	-72	22	-11	-33	-20	cell = 592 to 599
-20	-11	-25	-14	58	-26	-16	15	cell = 600 to 607
-30	-12	-50	17	-15	-16	-32	7	cell = 608 to 615
-19	25	-31	10	-33	-31	3	-13	cell = 616 to 623
-8	-28	6	-26	-5	-26	-10	27	cell = 624 to 631
-10	16	-32	-2	-12	-28	-19	-14	cell = 632 to 639
-19	-18	8	-10	-10	-7	-56	-14	cell = 640 to 647
-37	-26	31	-24	-12	-8	-36	-48	cell = 648 to 655
2	-26	-7	-45	-45	16	-32	-33	cell = 656 to 663
2	-23	-6	-10	-36	31	-22	1	cell = 664 to 671
-25	-2	-9	-30	8	15	-25	14	cell = 672 to 679
-3	-40	-19	-29	4	-5	-24	-20	cell = 680 to 687
-8	-4	-14	-34	-31	-1	-16	-31	cell = 688 to 695
20	-6	-43	-24	-6	-2	-37	-15	cell = 696 to 703
-32	0	30	-4	25	-20	-33	-40	cell = 704 to 711
-44	-14	-45	9	1	-4	-51	10	cell = 712 to 719
-26	-15	-5	16	-45	-8	12	-16	cell = 720 to 727
-11	-7	-17	33	-10	-34	3	15	cell = 728 to 735
-39	-29	-39	-20	-47	1	-22	-44	cell = 736 to 743
-47	4	-21	6	-47	-47	-11	-18	cell = 744 to 751
-51	29	-53	-1	-58	-3	-44	18	cell = 752 to 759
-35	-17	29	11	4	-4	-44	9	cell = 760 to 767
-17	43	-53	10	-38	21	49	-13	cell = 768 to 775
-28	-17	-33	-27	-47	-51	15	-24	cell = 776 to 783
-42	9	-37	-8	-30	-29	-8	3	cell = 784 to 791
-3	-53	-55	-5	-25	-24	-47	2	cell = 792 to 799
23	-45	-9	-19	-58	1	7	-7	cell = 800 to 807
13	1	-29	17	-10	-22	8	-26	cell = 808 to 815
-19	27	-18	-24	1	-31	-14	-33	cell = 816 to 823
-9	-5	0	-15	-34	23	-46	-39	cell = 824 to 831
-12	-39	3	-53	-25	-16	-34	-14	cell = 832 to 839
-16	-24	-27	-4	-26	-32	-41	5	cell = 840 to 847
9	12	7	-3	-18	5	-22	37	cell = 848 to 855
3	-65	-21	-4	-2	-12	4	-6	cell = 856 to 863
-15	-33	-12	-32	-56	4	-1	-12	cell = 864 to 871
-1	-6	-15	-6	-29	-52	-41	28	cell = 872 to 879
38	-50	-42	-29	27	-12	-10	-40	cell = 880 to 887
-9	-23	-1	20	-3	-22	-16	15	cell = 888 to 895
-1	-55	-24	-22	-43	3	18	-50	cell = 896 to 903
-13	7	-10	1	-4	2	-37	-10	cell = 904 to 911
-37	-19	-53	-17	-34	-22	36	-8	cell = 912 to 919
-40	-46	6	-15	-37	-32	-14	-35	cell = 920 to 927
-41	-58	-30	5	-30	-7	-13	13	cell = 928 to 935
-13	-8	-58	-38	-43	-27	-32	-3	cell = 936 to 943
-30	-31	-24	-25	-43	5	-2	0	cell = 944 to 951
-25	-22	-7	-14	-54	-9	-31	-8	cell = 952 to 959
-9	28	-25	-13	-15	7	-10	-40	cell = 960 to 967
1	38	41	-47	-27	-6	-28	-40	cell = 968 to 975
-9	-9	3	-29	-33	-23	4	8	cell = 976 to 983
-15	-17	-69	-30	-12	-29	28	13	cell = 984 to 991
2	-19	-34	2	-12	-35	-32	-7	cell = 992 to 999
-45	-11	2	-26	10	24	-5	-36	cell = 1000 to 1007
-43	27	-17	-29	7	-63	-21	-6	cell = 1008 to 1015
-41	6	-60	-47	-32	-41	-7	5	cell = 1016 to 1023
Calibration values from cell 0 to 1024 for channel 4:

45	-23	45	11	25	-6	43	-33	cell = 0 to 7
57	-3	38	-15	21	-10	48	-21	cell = 8 to 15
70	31	33	-7	73	13	70	-5	cell = 16 to 23
22	3	54	32	16	8	36	-22	cell = 24 to 31
26	-27	27	12	39	-6	65	14	cell = 32 to 39
34	-38	9	31	58	23	30	19	cell = 40 to 47
35	12	59	-24	-6	-56	8	17	cell = 48 to 55
31	22	29	26	43	5	41	-24	cell = 56 to 63
56	-27	70	0	28	-46	44	1	cell = 64 to 71
50	-12	61	-41	64	-22	13	-13	cell = 72 to 79
30	5	56	-33	24	-40	37	-10	cell = 80 to 87
62	7	71	-2	56	-51	31	8	cell = 88 to 95
47	-8	43	-26	17	15	33	14	cell = 96 to 103
34	-42	38	5	43	-19	5	-6	cell = 104 to 111
34	-29	25	1	33	7	37	3	cell = 112 to 119
35	1	-8	-12	12	27	22	-16	cell = 120 to 127
0	11	34	33	53	-17	-8	-8	cell = 128 to 135
38	-11	40	-18	48	0	1	12	cell = 136 to 143
51	1	63	32	27	-24	63	-21	cell = 144 to 151
55	-10	65	4	44	-25	30	-8	cell = 152 to 159
36	16	23	18	37	-22	26	-12	cell = 160 to 167
36	34	49	5	51	-32	-4	-23	cell = 168 to 175
60	-2	50	25	41	-49	44	4	cell = 176 to 183
16	35	42	-19	45	-38	11	-18	cell = 184 to 191
60	41	91	-16	53	-29	28	-14	cell = 192 to 199
-7	-10	8	-8	26	-18	51	16	cell = 200 to 207
11	-5	42	11	18	-44	45	-13	cell = 208 to 215
46	-16	61	4	37	35	57	-12	cell = 216 to 223
-18	-65	4	-47	5	1	12	-12	cell = 224 to 231
11	-28	31	-10	56	3	43	-16	cell = 232 to 239
85	-30	56	-20	17	25	47	-11	cell = 240 to 247
39	1	82	-18	31	-64	38	-13	cell = 248 to 255
57	-3	26	15	35	2	51	13	cell = 256 to 263
24	-21	33	-7	22	-22	47	-21	cell = 264 to 271
42	12	99	0	25	12	50	26	cell = 272 to 279
54	-33	24	4	27	-15	56	-2	cell = 280 to 287
45	-15	41	-6	44	18	47	-9	cell = 288 to 295
70	24	22	-14	36	9	37	-15	cell = 296 to 303
79	10	38	-16	44	-19	49	-3	cell = 304 to 311
23	-13	55	-11	10	-25	8	-9	cell = 312 to 319
39	21	75	-3	31	-31	24	20	cell = 320 to 327
42	-11	74	-36	65	-6	41	40	cell = 328 to 335
53	0	38	-56	62	16	39	-14	cell = 336 to 343
68	-3	57	-14	7	-34	44	-30	cell = 344 to 351
70	-8	9	-6	54	-9	29	-22	cell = 352 to 359
63	-16	25	-23	43	-9	39	-17	cell = 360 to 367
26	-15	46	-24	67	-15	42	-17	cell = 368 to 375
37	-9	62	1	38	-40	59	28	cell = 376 to 383
40	-3	34	11	54	20	85	-46	cell = 384 to 391
46	-10	53	29	30	-30	24	28	cell = 392 to 399
49	-6	43	-16	7	-22	6	12	cell = 400 to 407
72	14	73	-20	39	-3	47	9	cell = 408 to 415
30	-35	54	-53	14	-30	45	-50	cell = 416 to 423
42	53	44	-2	-3	-1	18	22	cell = 424 to 431
32	17	16	-35	30	-17	53	-4	cell = 432 to 439
49	-21	80	-14	58	-16	65	-4	cell = 440 to 447
30	-25	89	-17	40	-7	33	-3	cell = 448 to 455
61	-16	10	26	52	-33	28	-30	cell = 456 to 463
30	-19	72	-32	15	14	10	-57	cell = 464 to 471
74	14	62	9	24	-9	7	-34	cell = 472 to 479
44	51	39	18	68	-10	42	-51	cell = 480 to 487
40	-33	81	25	31	21	36	20	cell = 488 to 495
64	-15	-16	-45	-49	-113	-39	-79	cell = 496 to 503
3	-9	19	-36	39	-3	39	-26	cell = 504 to 511
47	-15	-24	-4	-16	-15	-22	-9	cell = 512 to 519
7	16	6	-17	6	-6	-20	-35	cell = 520 to 527
-49	-21	-35	-54	-2	-19	3	28	cell = 528 to 535
-10	-35	7	-15	-24	46	-1	-17	cell = 536 to 543
-43	-18	-4	-15	10	-18	-23	2	cell = 544 to 551
-27	-13	-22	24	6	-11	-16	32	cell = 552 to 559
12	-53	-33	0	-40	-72	-2	5	cell = 560 to 567
0	-6	-15	16	-6	-15	-26	-27	cell = 568 to 575
-20	-18	-37	-36	6	-38	-11	-21	cell = 576 to 583
1	-35	38	-4	-18	-30	-48	-22	cell = 584 to 591
-17	-9	21	-12	-31	-1	10	-23	cell = 592 to 599
2	-19	-9	22	-11	-8	-7	-20	cell = 600 to 607
-25	31	-4	-65	-27	2	-19	26	cell = 608 to 615
-45	24	-26	10	-14	-30	-34	-44	cell = 616 to 623
-9	-3	-8	19	-34	-52	-47	7	cell = 624 to 631
-31	31	-19	-16	-23	-23	-3	-33	cell = 632 to 639
-28	-4	-24	14	-14	-11	-11	15	cell = 640 to 647
25	-59	-22	-2	-25	-50	-55	-21	cell = 648 to 655
-13	-19	-4	21	8	1	-3	-23	cell = 656 to 663
-5	-10	-10	-25	-30	7	10	-33	cell = 664 to 671
8	2	-30	-2	13	-14	11	-20	cell = 672 to 679
-6	-19	-7	-19	-43	-21	-22	-19	cell = 680 to 687
-30	-26	-27	-41	-15	-27	-20	-35	cell = 688 to 695
12	37	-15	-2	-1	-44	-28	-49	cell = 696 to 703
-14	-11	-26	6	-17	43	0	-42	cell = 704 to 711
-12	-26	3	-35	-35	4	-20	-29	cell = 712 to 719
-10	-6	-53	-46	-56	-29	-36	12	cell = 720 to 727
-22	-31	-3	27	-18	-29	-30	-35	cell = 728 to 735
-42	-61	17	-44	20	-1	6	-22	cell = 736 to 743
-55	-7	-12	-25	-14	-8	-15	-38	cell = 744 to 751
-32	-30	-7	6	-3	-36	-10	7	cell = 752 to 759
-42	-21	-67	-12	11	7	-25	-23	cell = 760 to 767
14	-3	0	7	-1	-27	-81	-15	cell = 768 to 775
-15	-19	5	-5	-42	-45	0	7	cell = 776 to 783
-4	-40	-22	-11	-24	-40	-34	0	cell = 784 to 791
-22	6	-62	7	3	-54	9	-22	cell = 792 to 799
-27	10	-42	-39	-65	-18	-21	-57	cell = 800 to 807
-30	-22	-2	-58	-42	30	-36	-7	cell = 808 to 815
-17	-20	-22	-23	-3	-28	-37	32	cell = 816 to 823
-8	-7	-16	-22	-42	6	-12	-14	cell = 824 to 831
-27	-29	18	-23	-18	12	-6	-27	cell = 832 to 839
-7	-13	-20	-16	-16	9	-30	-38	cell = 840 to 847
-7	12	22	-9	-17	27	15	-18	cell = 848 to 855
1	6	-26	-9	-15	-4	-57	-77	cell = 856 to 863
30	-38	-3	-24	20	-25	-2	-22	cell = 864 to 871
-26	-8	-10	9	-35	0	-27	-5	cell = 872 to 879
-15	-12	-24	40	-21	-46	-36	-19	cell = 880 to 887
-43	-9	-33	6	-66	46	-46	20	cell = 888 to 895
-23	36	13	-16	-33	17	-35	-31	cell = 896 to 903
-53	39	0	-18	-17	10	-10	-26	cell = 904 to 911
18	-60	-15	-2	-16	28	-27	-22	cell = 912 to 919
-23	-12	-15	5	-9	32	-40	11	cell = 920 to 927
-38	-11	-46	-41	-11	-16	-24	-40	cell = 928 to 935
-31	-36	-25	-32	-30	-4	0	-22	cell = 936 to 943
-27	0	12	-9	-39	-34	42	28	cell = 944 to 951
-32	-24	-13	-12	6	-16	13	3	cell = 952 to 959
-13	1	-20	-13	-26	-50	-30	-46	cell = 960 to 967
-40	-19	-6	-21	-40	-11	-21	-7	cell = 968 to 975
-67	-5	-26	15	-32	-4	0	-3	cell = 976 to 983
-60	-29	-31	-61	-41	-21	-21	34	cell = 984 to 991
1	-27	0	-5	-16	-21	-29	-46	cell = 992 to 999
-17	-14	-35	13	-41	-21	-14	15	cell = 1000 to 1007
-14	-25	-12	-33	3	-22	-1	-12	cell = 1008 to 1015
-32	0	20	3	-30	-22	-42	-37	cell = 1016 to 1023
Calibration values from cell 0 to 1024 for channel 5:

13	-21	73	-45	53	18	26	-4	cell = 0 to 7
-13	37	18	-2	13	-1	63	-1	cell = 8 to 15
13	23	71	8	34	-14	24	-14	cell = 16 to 23
42	-4	2	-21	64	-14	4	-10	cell = 24 to 31
22	-36	5	-19	13	-14	80	-3	cell = 32 to 39
20	-47	22	-10	2	-24	47	-27	cell = 40 to 47
33	7	49	-34	54	-15	50	0	cell = 48 to 55
38	-54	39	5	23	35	38	-17	cell = 56 to 63
44	-45	28	-12	29	-8	1	-23	cell = 64 to 71
54	-28	23	-15	26	-10	21	-8	cell = 72 to 79
35	15	49	16	56	-5	27	-31	cell = 80 to 87
83	-7	18	-39	31	25	36	38	cell = 88 to 95
30	30	72	7	47	-3	31	20	cell = 96 to 103
39	-32	46	-4	20	11	36	0	cell = 104 to 111
47	-3	55	4	80	-27	27	-11	cell = 112 to 119
29	-50	46	-49	71	23	52	-7	cell = 120 to 127
68	2	66	-33	34	-16	46	-5	cell = 128 to 135
51	-41	28	24	49	-12	87	-23	cell = 136 to 143
87	34	55	-18	53	27	28	-38	cell = 144 to 151
17	-2	29	-18	59	38	91	-15	cell = 152 to 159
56	-19	29	0	63	-9	58	-37	cell = 160 to 167
49	17	34	-15	27	7	57	-23	cell = 168 to 175
69	2	56	-34	54	-58	35	-31	cell = 176 to 183
5	5	54	-12	50	-19	52	-13	cell = 184 to 191
-2	19	10	-61	43	10	8	21	cell = 192 to 199
56	-29	36	16	19	-22	10	-13	cell = 200 to 207
38	11	29	-19	15	1	16	2	cell = 208 to 215
50	-18	42	-22	40	20	61	-2	cell = 216 to 223
37	-8	55	-45	56	-4	49	47	cell = 224 to 231
26	5	67	-49	32	-33	9	18	cell = 232 to 239
56	25	61	-39	21	-31	35	5	cell = 240 to 247
22	-10	21	-12	59	4	49	-3	cell = 248 to 255
50	-43	48	7	57	-8	78	-8	cell = 256 to 263
20	-6	33	-14	23	-23	47	0	cell = 264 to 271
26	1	38	1	33	16	37	13	cell = 272 to 279
38	13	31	-6	29	-2	37	-18	cell = 280 to 287
65	-2	13	-34	40	-22	66	-30	cell = 288 to 295
58	-18	13	5	31	-9	43	-65	cell = 296 to 303
19	-11	26	-4	13	-9	41	1	cell = 304 to 311
73	-20	14	17	15	14	21	-13	cell = 312 to 319
47	-33	39	-3	31	-32	32	4	cell = 320 to 327
-6	9	46	2	31	-48	48	17	cell = 328 to 335
39	-31	66	3	53	16	58	-10	cell = 336 to 343
13	-7	80	12	38	1	13	0	cell = 344 to 351
55	9	48	-11	49	-1	44	-31	cell = 352 to 359
62	-21	50	-15	66	-21	61	4	cell = 360 to 367
40	19	55	7	28	-29	66	-11	cell = 368 to 375
60	-13	51	-26	13	-9	5	-45	cell = 376 to 383
63	25	13	-18	35	-21	24	-72	cell = 384 to 391
24	-22	39	23	76	3	32	43	cell = 392 to 399
26	-24	0	-39	43	2	35	1	cell = 400 to 407
49	-15	67	-34	37	29	59	-25	cell = 408 to 415
43	-4	-2	5	22	34	90	-14	cell = 416 to 423
35	-3	51	26	32	-41	50	-4	cell = 424 to 431
63	-26	10	-46	33	-8	57	-33	cell = 432 to 439
68	-3	51	-11	22	-27	42	-31	cell = 440 to 447
58	35	25	24	20	5	26	-26	cell = 448 to 455
54	-29	50	-5	57	-17	40	15	cell = 456 to 463
40	-26	51	-6	43	-13	54	17	cell = 464 to 471
19	-8	13	-23	21	-20	53	-31	cell = 472 to 479
63	24	25	18	63	24	47	-8	cell = 480 to 487
58	6	66	-8	50	21	47	14	cell = 488 to 495
49	-41	-32	-83	-23	-95	-33	-32	cell = 496 to 503
31	-25	-6	-47	73	18	10	24	cell = 504 to 511
-11	-30	20	8	-12	2	-15	-16	cell = 512 to 519
-33	-22	-33	-14	-13	-15	-15	-20	cell = 520 to 527
-16	-7	-1	-10	-31	-8	-17	-26	cell = 528 to 535
-44	-7	-31	-13	-44	17	-42	-61	cell = 536 to 543
-34	-20	-47	-34	-19	3	-35	-27	cell = 544 to 551
-20	11	-15	-26	10	-17	11	-4	cell = 552 to 559
20	-22	-30	-3	-52	28	-33	-9	cell = 560 to 567
10	-19	-41	18	-33	-3	-22	32	cell = 568 to 575
-21	17	38	-12	11	0	-39	-24	cell = 576 to 583
-16	14	-12	-46	-10	34	-29	30	cell = 584 to 591
-18	-10	-8	-8	-7	22	-16	-26	cell = 592 to 599
8	7	-6	-18	-15	17	-57	19	cell = 600 to 607
-25	-15	-12	-6	-50	-4	47	-19	cell = 608 to 615
3	36	1	-23	-26	-23	22	-21	cell = 616 to 623
-6	-5	24	13	-43	-10	-33	-16	cell = 624 to 631
-53	5	8	-18	-38	2	-37	4	cell = 632 to 639
-67	6	-63	-14	-6	6	20	-13	cell = 640 to 647
-3	-1	-28	1	7	-25	-12	-34	cell = 648 to 655
-2	-6	-27	-16	-42	-18	-32	-28	cell = 656 to 663
-3	2	0	-27	-45	0	-46	8	cell = 664 to 671
-21	-6	-17	-10	-20	-16	-6	17	cell = 672 to 679
-12	11	-35	-43	-13	-17	-18	-42	cell = 680 to 687
-27	-17	9	2	-16	-40	11	42	cell = 688 to 695
-37	-3	16	-57	-27	-5	-30	-40	cell = 696 to 703
-27	-32	-6	-8	-29	12	-16	-77	cell = 704 to 711
-39	15	-28	9	-33	-40	-35	-15	cell = 712 to 719
-5	14	-36	-59	-23	-23	-20	-13	cell = 720 to 727
-2	-15	-1	-3	19	-7	0	-3	cell = 728 to 735
-17	2	-34	5	-25	36	-16	5	cell = 736 to 743
-27	17	-26	-28	7	-15	-27	-28	cell = 744 to 751
18	-17	-6	-44	-34	-8	-9	-48	cell = 752 to 759
4	1	-40	-28	-49	-7	22	-28	cell = 760 to 767
-23	17	-38	1	21	-14	-14	9	cell = 768 to 775
-41	-50	-39	-22	2	-11	-10	-20	cell = 776 to 783
-19	-20	-9	0	-37	-13	-32	-45	cell = 784 to 791
34	-16	-40	-12	-4	-23	-33	-22	cell = 792 to 799
11	-50	19	-13	-30	-29	-51	9	cell = 800 to 807
-1	13	-16	-46	10	-14	-33	-28	cell = 808 to 815
-14	12	-36	-63	25	-20	-36	-5	cell = 816 to 823
-25	-11	1	7	-7	-20	15	-16	cell = 824 to 831
-12	-38	9	-69	-47	-61	-9	-20	cell = 832 to 839
-29	-4	-14	-52	-26	23	-25	-13	cell = 840 to 847
9	16	-20	-49	14	-40	-24	-28	cell = 848 to 855
-32	5	-39	10	-44	-28	-17	-14	cell = 856 to 863
-50	-3	23	-30	-52	5	-25	-6	cell = 864 to 871
-44	14	-29	-38	-60	-25	-11	-4	cell = 872 to 879
-3	-29	-5	-3	-11	-4	-10	21	cell = 880 to 887
24	-33	-26	0	32	-9	-24	-32	cell = 888 to 895
1	-52	-37	2	24	0	-12	17	cell = 896 to 903
-25	-24	-18	-43	-27	-17	-42	-48	cell = 904 to 911
-5	5	-30	2	17	-14	18	-25	cell = 912 to 919
-27	8	-4	-41	-39	-27	39	17	cell = 920 to 927
-17	-17	-18	-5	-40	-51	-32	-41	cell = 928 to 935
-35	-32	-14	-20	-18	-12	-19	-5	cell = 936 to 943
20	12	16	-19	-21	-3	-4	-4	cell = 944 to 951
-16	-50	-7	-34	14	0	-16	-2	cell = 952 to 959
-45	-27	-42	6	-30	2	-54	-44	cell = 960 to 967
-27	-23	-32	-28	-16	6	-31	-17	cell = 968 to 975
-12	0	6	-42	-54	-17	-8	-12	cell = 976 to 983
-14	-3	-38	-33	-26	2	-4	-3	cell = 984 to 991
-20	-24	16	7	-40	11	1	-14	cell = 992 to 999
-31	0	-29	-11	-6	-3	-38	21	cell = 1000 to 1007
-8	-57	1	2	-30	-5	-13	-30	cell = 1008 to 1015
-29	-6	-18	-3	-41	-6	-38	-30	cell = 1016 to 1023
Calibration values from cell 0 to 1024 for channel 6:

50	-8	42	-56	48	-11	38	10	cell = 0 to 7
54	-33	33	11	14	-11	49	-6	cell = 8 to 15
65	-25	86	24	8	-25	54	-41	cell = 16 to 23
-1	-24	18	-10	14	-20	47	-45	cell = 24 to 31
57	7	71	-28	87	-21	64	-2	cell = 32 to 39
70	-14	27	-17	-9	-29	42	18	cell = 40 to 47
49	-12	77	19	37	-11	55	-43	cell = 48 to 55
48	-41	73	2	32	-20	61	-40	cell = 56 to 63
79	-2	30	-33	87	-4	12	70	cell = 64 to 71
26	-22	20	-42	68	-29	-21	2	cell = 72 to 79
16	27	20	17	43	9	74	0	cell = 80 to 87
54	-35	32	4	51	-13	30	18	cell = 88 to 95
90	-40	46	18	43	-8	37	26	cell = 96 to 103
18	-26	28	-7	82	-27	58	-17	cell = 104 to 111
45	-29	70	-33	26	-7	15	-5	cell = 112 to 119
56	-5	18	-45	35	-9	46	-17	cell = 120 to 127
23	-14	59	7	74	13	43	-22	cell = 128 to 135
3	-7	58	-5	34	23	64	-8	cell = 136 to 143
72	-3	60	11	88	1	27	-17	cell = 144 to 151
63	-4	55	-23	43	-17	62	-24	cell = 152 to 159
72	-17	68	-11	-9	-3	46	18	cell = 160 to 167
12	6	26	7	-6	-19	45	14	cell = 168 to 175
24	-4	41	15	26	-26	52	29	cell = 176 to 183
32	20	44	-11	0	-29	68	10	cell = 184 to 191
36	19	50	-3	34	-53	44	-15	cell = 192 to 199
36	17	48	-18	61	11	45	39	cell = 200 to 207
57	-22	35	-1	43	-31	32	-20	cell = 208 to 215
32	-14	35	-41	44	-13	38	-33	cell = 216 to 223
48	6	19	-34	3	-5	45	-38	cell = 224 to 231
66	-25	40	-15	42	11	38	6	cell = 232 to 239
48	-17	60	17	23	2	73	10	cell = 240 to 247
31	-5	53	-21	31	-48	58	-46	cell = 248 to 255
44	16	73	-16	25	-11	64	-43	cell = 256 to 263
54	-6	11	9	69	-71	-28	-8	cell = 264 to 271
31	-42	33	15	9	29	25	-42	cell = 272 to 279
18	-73	35	-13	48	-22	77	-40	cell = 280 to 287
76	-18	16	-1	41	12	40	6	cell = 288 to 295
41	-24	17	-20	33	-16	22	-18	cell = 296 to 303
23	-19	30	-9	49	-31	25	-21	cell = 304 to 311
59	5	25	4	63	-50	33	-5	cell = 312 to 319
66	-4	39	15	28	-22	87	-16	cell = 320 to 327
-2	10	25	-13	31	9	11	21	cell = 328 to 335
52	-29	61	3	35	13	24	-27	cell = 336 to 343
21	20	43	-33	34	-20	37	-19	cell = 344 to 351
25	19	38	-16	58	-6	62	10	cell = 352 to 359
43	-7	1	0	63	-17	86	-19	cell = 360 to 367
14	11	42	28	36	-13	54	9	cell = 368 to 375
58	-28	38	1	30	-5	30	10	cell = 376 to 383
34	-9	55	-10	12	12	58	26	cell = 384 to 391
66	-15	18	21	33	44	2	8	cell = 392 to 399
74	18	44	-40	39	-10	31	-1	cell = 400 to 407
83	0	61	8	14	-18	57	-14	cell = 408 to 415
21	15	8	4	31	23	32	-32	cell = 416 to 423
29	19	85	-33	29	3	3	13	cell = 424 to 431
78	-5	68	16	58	10	20	-50	cell = 432 to 439
39	-4	7	-38	35	-22	12	2	cell = 440 to 447
51	-2	57	-23	35	-35	3	20	cell = 448 to 455
50	0	32	35	49	-49	56	-11	cell = 456 to 463
74	-48	67	-13	45	-47	23	7	cell = 464 to 471
25	-2	34	-24	52	-52	0	-1	cell = 472 to 479
39	-23	58	-21	66	-8	44	-17	cell = 480 to 487
26	-14	61	-14	49	18	13	21	cell = 488 to 495
64	11	10	-88	-35	-58	-28	-59	cell = 496 to 503
83	0	7	-8	15	8	87	0	cell = 504 to 511
-26	7	-15	15	-19	-19	-30	-12	cell = 512 to 519
-43	-33	-14	5	-32	-15	-3	-2	cell = 520 to 527
-12	-16	-10	-2	-31	0	23	24	cell = 528 to 535
-51	-14	-88	-3	-42	-12	-21	-24	cell = 536 to 543
8	-8	11	-59	-28	-18	-27	4	cell = 544 to 551
-3	-13	21	-18	-49	11	-13	-43	cell = 552 to 559
-43	-4	-16	-28	-22	-34	0	10	cell = 560 to 567
-6	0	-15	-20	-6	5	-28	-24	cell = 568 to 575
-16	5	-6	0	-8	-17	-21	-8	cell = 576 to 583
-46	15	-51	-5	-11	2	-37	-16	cell = 584 to 591
-58	-7	-33	43	3	-9	-45	-6	cell = 592 to 599
45	-23	-55	-7	-32	-19	-31	-8	cell = 600 to 607
-50	-30	-8	4	8	-31	-40	0	cell = 608 to 615
8	-3	-16	-15	2	-21	-51	-2	cell = 616 to 623
-29	-56	-8	-14	-10	-23	-44	28	cell = 624 to 631
-9	2	15	-15	-38	-34	-19	-4	cell = 632 to 639
9	-39	-2	8	-2	-29	0	-26	cell = 640 to 647
-28	-2	-12	-22	-9	12	-56	13	cell = 648 to 655
-4	6	2	-30	-11	-24	-27	-12	cell = 656 to 663
-18	2	-10	-3	-15	-49	-14	-37	cell = 664 to 671
-18	5	-36	-38	-23	17	-2	-32	cell = 672 to 679
-37	-2	-16	31	-52	-24	-6	-10	cell = 680 to 687
-39	4	14	-23	-19	-40	-26	-37	cell = 688 to 695
-2	-15	10	-51	-31	35	-54	-5	cell = 696 to 703
6	6	-23	2	-31	-23	-8	10	cell = 704 to 711
15	-40	-70	-25	-8	-8	7	-18	cell = 712 to 719
-52	-11	-5	-8	7	43	8	0	cell = 720 to 727
-35	-36	-51	-45	-47	8	-21	-21	cell = 728 to 735
-74	-15	-29	-35	-16	2	-48	-20	cell = 736 to 743
-56	-37	28	-41	14	-18	-12	42	cell = 744 to 751
-33	7	-52	-18	-27	-38	7	-28	cell = 752 to 759
-25	-23	-48	25	10	-15	-15	-13	cell = 760 to 767
-10	-40	0	27	3	-9	-27	-20	cell = 768 to 775
4	17	-38	-48	-39	-18	-18	-12	cell = 776 to 783
-21	-35	16	-26	-10	-15	-20	-17	cell = 784 to 791
-9	2	4	-47	-4	-14	-9	-29	cell = 792 to 799
-29	-16	-4	17	-26	-22	-3	-7	cell = 800 to 807
8	-28	-7	4	-15	-53	-10	7	cell = 808 to 815
-27	4	-22	-69	9	-24	38	32	cell = 816 to 823
-14	-39	-8	4	-46	-5	-38	-2	cell = 824 to 831
-19	3	-36	-29	25	-16	-18	3	cell = 832 to 839
-17	-27	-16	-12	-8	-36	-16	22	cell = 840 to 847
-2	-32	2	-2	-32	-9	-21	-3	cell = 848 to 855
-34	13	-6	-1	-67	5	-18	-9	cell = 856 to 863
16	22	-19	-32	-35	4	-7	6	cell = 864 to 871
2	-33	1	-48	-28	-22	-8	13	cell = 872 to 879
-43	16	-10	-12	-25	-5	-26	8	cell = 880 to 887
-34	-25	-25	3	12	-3	6	11	cell = 888 to 895
-40	-9	-56	5	0	-10	-27	3	cell = 896 to 903
-29	-32	-35	-33	-38	-26	-44	-10	cell = 904 to 911
-32	-48	-16	-20	-35	11	-39	-25	cell = 912 to 919
-20	-15	0	-19	-56	5	-38	21	cell = 920 to 927
-35	-26	7	-30	-32	19	-1	10	cell = 928 to 935
-5	-33	-47	3	-34	-53	-24	0	cell = 936 to 943
-28	2	0	-14	-8	-55	-16	29	cell = 944 to 951
-3	-24	1	-19	38	-2	13	-38	cell = 952 to 959
-35	5	-23	-41	28	18	-14	-6	cell = 960 to 967
-15	-10	-15	-28	9	17	12	-31	cell = 968 to 975
-15	-39	-5	-8	-23	3	-47	-24	cell = 976 to 983
-7	-39	12	-51	-25	-2	-13	2	cell = 984 to 991
-9	-74	-15	-29	-28	-20	-31	-49	cell = 992 to 999
7	24	25	-31	-5	-55	18	-51	cell = 1000 to 1007
-11	-71	-31	0	-46	-34	-17	-32	cell = 1008 to 1015
-58	-5	-43	-31	3	-5	-68	27	cell = 1016 to 1023
Calibration values from cell 0 to 1024 for channel 7:

34	29	3	-23	21	-16	21	-24	cell = 0 to 7
50	-14	38	-1	49	-33	26	-12	cell = 8 to 15
-5	-24	44	-15	58	-18	56	-55	cell = 16 to 23
10	5	44	-19	49	-20	26	4	cell = 24 to 31
37	-7	30	-4	60	-17	18	-27	cell = 32 to 39
44	-9	56	-23	72	-40	53	-8	cell = 40 to 47
92	5	25	-13	40	-11	48	-39	cell = 48 to 55
-8	-32	12	22	69	11	70	1	cell = 56 to 63
19	-18	25	39	43	-22	38	-5	cell = 64 to 71
52	-12	22	-10	47	-3	26	7	cell = 72 to 79
39	-29	62	14	58	-44	23	-31	cell = 80 to 87
51	-4	84	11	75	2	14	-13	cell = 88 to 95
25	-35	25	-8	34	-46	78	2	cell = 96 to 103
36	-31	25	-16	21	17	53	-31	cell = 104 to 111
38	26	47	-1	45	-5	40	-28	cell = 112 to 119
23	3	57	13	89	44	30	-3	cell = 120 to 127
30	-4	42	-23	34	-42	47	23	cell = 128 to 135
33	-4	57	17	7	-13	8	18	cell = 136 to 143
42	0	27	24	33	3	9	-28	cell = 144 to 151
35	-32	59	47	57	6	28	18	cell = 152 to 159
27	11	65	-25	27	-19	43	-13	cell = 160 to 167
48	-34	50	-37	73	10	53	-30	cell = 168 to 175
39	-49	61	-24	69	-52	23	13	cell = 176 to 183
53	-4	77	-17	54	17	45	-20	cell = 184 to 191
41	23	64	-4	40	8	33	-29	cell = 192 to 199
26	-15	16	15	26	-16	15	-41	cell = 200 to 207
30	-1	6	-42	24	-2	44	15	cell = 208 to 215
27	12	36	17	30	8	37	-7	cell = 216 to 223
84	18	64	-8	40	40	48	-1	cell = 224 to 231
15	5	30	11	6	15	21	18	cell = 232 to 239
83	-39	20	14	26	-16	0	20	cell = 240 to 247
45	-31	47	-31	28	14	64	-24	cell = 248 to 255
61	-32	37	-7	28	-19	10	8	cell = 256 to 263
11	-35	61	-27	33	-23	72	-19	cell = 264 to 271
51	12	8	-16	67	-3	12	-4	cell = 272 to 279
39	-50	36	23	62	-10	38	-15	cell = 280 to 287
10	0	65	-12	100	-40	11	1	cell = 288 to 295
41	-14	37	-9	23	-18	31	-29	cell = 296 to 303
42	0	62	22	75	35	18	-16	cell = 304 to 311
25	-5	-12	-39	50	7	31	-23	cell = 312 to 319
53	-14	32	-37	35	-22	52	32	cell = 320 to 327
49	-7	59	-26	52	-15	21	-47	cell = 328 to 335
39	-5	41	-19	43	-38	44	32	cell = 336 to 343
12	19	52	-29	57	-7	-7	-38	cell = 344 to 351
67	-61	35	12	24	-46	41	1	cell = 352 to 359
63	-36	39	-19	54	-17	31	-38	cell = 360 to 367
24	-35	68	-9	51	-23	-5	-14	cell = 368 to 375
51	-32	39	-24	44	-39	67	38	cell = 376 to 383
77	-65	58	0	59	-47	55	-7	cell = 384 to 391
59	-26	80	-21	30	16	15	38	cell = 392 to 399
10	-10	88	-35	57	14	36	7	cell = 400 to 407
45	9	37	-15	34	7	26	13	cell = 408 to 415
29	3	36	17	34	-33	50	-36	cell = 416 to 423
0	-18	-32	1	98	-27	30	-50	cell = 424 to 431
47	-21	24	-40	14	18	58	-2	cell = 432 to 439
32	-40	45	-18	20	23	50	20	cell = 440 to 447
96	-6	56	27	39	-30	55	-35	cell = 448 to 455
43	2	52	-26	37	40	35	30	cell = 456 to 463
21	10	51	54	25	13	1	1	cell = 464 to 471
30	-15	43	-14	32	22	48	7	cell = 472 to 479
16	30	32	11	34	3	22	-34	cell = 480 to 487
24	-2	23	-8	20	-16	11	-19	cell = 488 to 495
48	4	16	-75	-31	-31	-53	-115	cell = 496 to 503
63	-24	12	-12	2	-15	35	-41	cell = 504 to 511
-36	-30	42	-12	1	-28	-53	-6	cell = 512 to 519
-33	-14	-5	-11	-22	-59	24	-2	cell = 520 to 527
-30	-11	-22	7	-31	1	-8	2	cell = 528 to 535
24	2	-10	-13	-12	-43	-26	-19	cell = 536 to 543
-15	-21	-14	-29	-31	-26	-23	-49	cell = 544 to 551
-38	-23	-6	-10	-48	-26	-45	-7	cell = 552 to 559
11	1	-27	10	-60	15	7	-16	cell = 560 to 567
7	2	-21	-14	-40	-14	5	-19	cell = 568 to 575
-2	-29	8	-7	-13	-17	-13	19	cell = 576 to 583
-18	0	2	-26	-37	8	-13	-10	cell = 584 to 591
23	-2	38	5	-26	-25	-4	7	cell = 592 to 599
-13	-16	1	-20	-16	-17	14	23	cell = 600 to 607
-18	11	-41	11	8	-24	-19	-54	cell = 608 to 615
2	-32	26	-5	-18	-14	-62	-4	cell = 616 to 623
8	-57	6	25	-28	2	-2	8	cell = 624 to 631
-24	0	9	-4	-38	-4	-12	-16	cell = 632 to 639
4	-17	-7	-16	-2	-9	2	-4	cell = 640 to 647
-15	-3	-20	-28	-23	7	-7	-32	cell = 648 to 655
-5	-45	-8	42	-4	-10	16	18	cell = 656 to 663
9	0	3	-48	8	0	29	-25	cell = 664 to 671
-22	-60	-6	-30	-36	-8	-39	13	cell = 672 to 679
-31	-11	12	-33	3	0	2	20	cell = 680 to 687
-35	59	-4	-5	-48	19	-7	-10	cell = 688 to 695
-79	4	-12	21	-18	5	-27	20	cell = 696 to 703
-27	-47	-26	8	7	-18	-30	-24	cell = 704 to 711
-4	-16	9	24	-15	25	6	-28	cell = 712 to 719
-8	-24	-7	-22	-29	-13	-25	-29	cell = 720 to 727
-10	-3	-33	-33	-16	-46	-3	-30	cell = 728 to 735
-62	-18	-33	-36	-53	-13	4	-8	cell = 736 to 743
-33	22	-43	10	-17	30	-49	7	cell = 744 to 751
-2	-47	-5	-2	-23	-36	-51	-26	cell = 752 to 759
-27	-11	3	14	-31	6	-42	2	cell = 760 to 767
-17	-34	-33	21	-14	-11	-9	-19	cell = 768 to 775
-31	31	22	-8	-41	-24	17	-23	cell = 776 to 783
-60	-10	-40	-32	5	20	-33	-16	cell = 784 to 791
-8	-18	-21	-20	-21	-22	-29	-20	cell = 792 to 799
-13	13	-13	-41	-18	-22	-20	-19	cell = 800 to 807
-43	16	-33	2	-37	-8	-46	-27	cell = 808 to 815
-19	-37	-10	-10	-6	-30	-11	-5	cell = 816 to 823
15	-36	-27	-37	-16	0	-5	-47	cell = 824 to 831
-45	-16	-22	-12	22	-16	-31	-21	cell = 832 to 839
6	19	-38	1	-15	-31	-7	-11	cell = 840 to 847
-5	-67	-29	-17	-23	7	-23	2	cell = 848 to 855
-5	-2	-6	-16	-42	9	-24	-34	cell = 856 to 863
-27	9	0	9	1	-4	-35	-13	cell = 864 to 871
13	-59	1	16	-39	-5	-42	7	cell = 872 to 879
3	-11	-2	11	-41	-23	20	-27	cell = 880 to 887
-32	-10	0	-51	-12	-13	-10	-27	cell = 888 to 895
-3	46	-13	-20	-40	-15	-55	11	cell = 896 to 903
-19	15	-12	15	-33	-19	12	26	cell = 904 to 911
0	-12	-2	2	-13	-37	-13	-74	cell = 912 to 919
-17	-26	9	-60	2	19	28	-26	cell = 920 to 927
-2	-48	-9	-16	-46	-8	-37	-10	cell = 928 to 935
-59	-20	-19	-49	-18	6	-9	0	cell = 936 to 943
-5	-35	-21	1	-8	-16	-46	-41	cell = 944 to 951
-33	-46	-18	11	-13	-11	-13	-22	cell = 952 to 959
-35	4	-28	-40	-36	16	-2	11	cell = 960 to 967
26	-38	0	1	18	-1	-30	-36	cell = 968 to 975
7	-37	-45	0	-5	-45	8	-18	cell = 976 to 983
-41	-3	-10	-40	51	-21	-29	-22	cell = 984 to 991
-47	-58	-7	-21	-40	-40	12	-39	cell = 992 to 999
9	-29	-9	-17	-15	8	-5	-12	cell = 1000 to 1007
-31	9	3	0	-77	-54	-19	-7	cell = 1008 to 1015
-61	-2	-42	-35	-42	-9	-18	-37	cell = 1016 to 1023
Calibration values from cell 0 to 1024 for channel 8:

21	-33	31	-15	71	-4	51	32	cell = 0 to 7
66	-10	67	-9	58	-10	25	-22	cell = 8 to 15
32	-33	29	9	40	-5	47	25	cell = 16 to 23
54	-7	57	-27	4	12	26	-40	cell = 24 to 31
63	-28	10	-40	33	-29	16	-29	cell = 32 to 39
17	3	58	3	47	2	50	21	cell = 40 to 47
83	33	71	-8	48	27	43	35	cell = 48 to 55
51	-8	26	-28	54	32	69	-12	cell = 56 to 63
67	13	15	14	23	24	53	8	cell = 64 to 71
9	-30	10	-1	44	-36	40	-59	cell = 72 to 79
63	0	16	28	5	43	36	-44	cell = 80 to 87
53	-4	33	-9	87	23	32	4	cell = 88 to 95
80	16	72	-13	15	-43	30	6	cell = 96 to 103
19	-43	28	0	32	-27	33	-11	cell = 104 to 111
80	11	31	6	50	15	9	-18	cell = 112 to 119
14	14	22	-11	8	2	23	-42	cell = 120 to 127
67	-35	51	-30	45	-33	17	10	cell = 128 to 135
78	0	41	9	65	-11	29	10	cell = 136 to 143
36	-7	83	-10	45	-21	96	-46	cell = 144 to 151
45	-33	15	-6	31	-19	23	20	cell = 152 to 159
56	11	29	13	55	15	35	1	cell = 160 to 167
68	-26	34	-6	34	2	29	-45	cell = 168 to 175
26	18	45	2	61	-21	43	3	cell = 176 to 183
45	-2	18	-9	10	-21	52	9	cell = 184 to 191
31	28	12	-54	24	-3	-9	15	cell = 192 to 199
61	-21	97	3	4	16	68	4	cell = 200 to 207
27	-39	39	-20	52	17	45	-31	cell = 208 to 215
30	-17	39	2	12	-11	47	-34	cell = 216 to 223
13	-27	-7	-9	91	-17	18	-33	cell = 224 to 231
46	-4	52	-37	50	-2	28	4	cell = 232 to 239
61	-7	50	-13	78	-17	49	1	cell = 240 to 247
29	-14	9	17	38	-27	34	9	cell = 248 to 255
55	-20	49	-18	37	16	62	-5	cell = 256 to 263
25	-7	45	-33	38	2	55	-21	cell = 264 to 271
18	-33	23	21	38	1	47	9	cell = 272 to 279
65	6	4	15	40	3	92	12	cell = 280 to 287
18	0	57	-39	32	-56	7	10	cell = 288 to 295
30	-16	15	-21	34	19	46	-18	cell = 296 to 303
55	-5	14	-16	40	-25	93	18	cell = 304 to 311
41	3	17	-17	21	-14	69	0	cell = 312 to 319
21	-23	22	-40	21	41	63	1	cell = 320 to 327
45	-28	77	-37	63	-38	61	-26	cell = 328 to 335
9	31	41	4	61	-11	32	6	cell = 336 to 343
51	0	35	-21	21	-19	2	-29	cell = 344 to 351
56	4	32	-25	82	-14	19	20	cell = 352 to 359
17	0	61	22	76	-43	47	7	cell = 360 to 367
21	33	45	-65	33	1	43	-2	cell = 368 to 375
60	10	24	-32	15	-30	42	38	cell = 376 to 383
34	11	-2	29	90	-6	37	-13	cell = 384 to 391
29	-17	76	35	62	-6	32	0	cell = 392 to 399
54	23	70	12	23	-6	70	-2	cell = 400 to 407
63	-26	30	-15	43	-40	15	6	cell = 408 to 415
75	-41	26	-30	-3	26	51	-4	cell = 416 to 423
30	-17	67	35	41	-13	31	22	cell = 424 to 431
33	-46	14	24	69	-4	10	7	cell = 432 to 439
46	-47	16	10	60	-36	30	-31	cell = 440 to 447
52	12	38	-14	13	4	40	17	cell = 448 to 455
57	-20	94	-7	65	-10	67	-15	cell = 456 to 463
43	-20	51	-45	84	-13	15	-10	cell = 464 to 471
90	-10	22	3	30	6	25	-3	cell = 472 to 479
43	-10	94	-12	76	-8	5	-16	cell = 480 to 487
14	-9	38	-32	-18	-7	57	29	cell = 488 to 495
28	-45	-5	-63	-16	-97	-51	-79	cell = 496 to 503
49	11	76	-5	44	-6	10	12	cell = 504 to 511
-22	-2	-39	8	-2	-4	-40	-29	cell = 512 to 519
-28	8	-47	-13	-25	28	-11	7	cell = 520 to 527
-55	-28	-20	-12	-36	-6	-18	-34	cell = 528 to 535
3	-23	-16	43	-52	-17	-21	-15	cell = 536 to 543
-41	-31	13	-1	-52	9	19	-4	cell = 544 to 551
-27	-4	3	-34	9	-33	-22	11	cell = 552 to 559
-15	-56	-46	-21	-58	-54	-35	35	cell = 560 to 567
2	-19	-27	-14	-42	-5	-36	-45	cell = 568 to 575
8	10	-4	3	-65	-25	14	-18	cell = 576 to 583
-31	-50	-26	-18	-40	30	-16	-31	cell = 584 to 591
0	-26	-34	-28	-9	-30	-48	-4	cell = 592 to 599
-34	17	25	-24	-33	-18	-20	-17	cell = 600 to 607
-2	-22	-50	-15	-7	-7	-22	-19	cell = 608 to 615
-53	-18	-22	31	-55	-17	-36	-37	cell = 616 to 623
-30	-52	23	-12	-21	-31	-33	-16	cell = 624 to 631
-37	10	-21	6	-33	-21	-5	-9	cell = 632 to 639
-8	10	-21	36	-51	-31	-44	-26	cell = 640 to 647
-20	4	-30	-25	-30	-7	-5	-26	cell = 648 to 655
-6	-28	-37	-22	-30	-1	-37	-4	cell = 656 to 663
-12	-6	-14	-7	-34	-11	-25	6	cell = 664 to 671
-6	-8	-3	22	-54	2	10	-1	cell = 672 to 679
-5	12	-20	-44	-28	-20	-18	16	cell = 680 to 687
2	-42	-43	-39	-20	-10	-15	-17	cell = 688 to 695
-73	3	-33	-9	-18	0	7	-11	cell = 696 to 703
-39	-36	-35	-32	-29	-41	-4	-44	cell = 704 to 711
3	-24	-20	-14	-7	-46	-26	-35	cell = 712 to 719
-51	-1	-32	3	-12	-18	-18	-2	cell = 720 to 727
-2	0	-21	-32	-64	-42	3	-35	cell = 728 to 735
16	34	29	14	-29	-44	-35	-18	cell = 736 to 743
-20	-44	-8	23	3	27	-24	-26	cell = 744 to 751
-20	-16	-16	30	-34	3	-62	-18	cell = 752 to 759
1	-8	-25	-4	-18	-22	5	-7	cell = 760 to 767
-31	19	9	-1	-27	-50	-16	-30	cell = 768 to 775
4	-7	-4	-34	21	3	-68	-16	cell = 776 to 783
-29	-7	-42	-15	-35	-20	-21	-63	cell = 784 to 791
-43	47	-35	10	-21	-44	-26	-8	cell = 792 to 799
-32	-18	-51	-39	-50	-28	-12	-12	cell = 800 to 807
-29	-28	-30	21	7	-14	-38	-38	cell = 808 to 815
-46	17	-12	19	-9	-39	15	25	cell = 816 to 823
-31	38	-9	-36	-28	12	-15	-20	cell = 824 to 831
-47	11	0	27	-3	-41	-49	-39	cell = 832 to 839
-43	3	-25	-6	-33	-32	-4	4	cell = 840 to 847
-51	-14	2	0	-24	-4	-35	-10	cell = 848 to 855
-17	27	4	-24	-11	-29	4	-11	cell = 856 to 863
-62	-4	-59	-2	0	20	-2	-9	cell = 864 to 871
-60	27	-19	-23	-35	-4	-9	-62	cell = 872 to 879
-15	-59	-14	-33	19	-40	0	13	cell = 880 to 887
-7	-44	-33	-27	-51	-6	-13	-12	cell = 888 to 895
-32	-8	-37	-39	-6	-13	-41	7	cell = 896 to 903
16	-25	-9	-11	-2	-42	-71	-45	cell = 904 to 911
-36	-5	3	-9	-22	-14	-6	-2	cell = 912 to 919
-14	-32	-78	-27	13	7	6	0	cell = 920 to 927
-14	-21	-1	-16	-26	-60	-15	-29	cell = 928 to 935
-26	-10	-39	34	-65	-21	33	5	cell = 936 to 943
24	-28	8	21	-21	-19	-27	-6	cell = 944 to 951
-26	-25	-6	17	-4	41	-60	-25	cell = 952 to 959
-13	-16	2	-22	-59	-22	-1	14	cell = 960 to 967
-7	11	21	6	-14	-12	1	41	cell = 968 to 975
-7	6	-20	-14	-38	-16	-17	-21	cell = 976 to 983
-23	-26	16	4	-9	17	-25	6	cell = 984 to 991
14	-16	-20	-38	-25	-12	-26	31	cell = 992 to 999
-29	-22	13	-47	8	-17	9	-33	cell = 1000 to 1007
-28	-10	13	-38	7	22	-17	-89	cell = 1008 to 1015
30	-23	19	-9	3	23	-29	-7	cell = 1016 to 1023
