Calibration values (ps) from cell 0 to 1024 :

00000.000	00001.286	00002.572	00003.874	00005.174	00006.477	00007.812	00009.148	cell = 0 to 7
00010.479	00011.820	00013.190	00014.585	00015.954	00017.303	00018.652	00020.009	cell = 8 to 15
00021.358	00022.711	00024.058	00025.409	00026.762	00028.115	00029.462	00030.812	cell = 16 to 23
00032.130	00033.433	00034.729	00036.047	00037.373	00038.722	00040.074	00041.421	cell = 24 to 31
00042.788	00044.153	00045.507	00046.853	00048.190	00049.529	00050.875	00052.229	cell = 32 to 39
00053.581	00054.925	00056.249	00057.558	00058.867	00060.179	00061.500	00062.823	cell = 40 to 47
00064.165	00065.510	00066.860	00068.214	00069.559	00070.888	00072.216	00073.526	cell = 48 to 55
00074.834	00076.144	00077.494	00078.847	00080.189	00081.531	00082.863	00084.197	cell = 56 to 63
00085.534	00086.876	00088.210	00089.551	00090.879	00092.206	00093.566	00094.933	cell = 64 to 71
00096.288	00097.620	00098.948	00100.279	00101.611	00102.947	00104.261	00105.557	cell = 72 to 79
00106.856	00108.142	00109.445	00110.775	00112.088	00113.378	00114.671	00115.964	cell = 80 to 87
00117.269	00118.586	00119.906	00121.228	00122.549	00123.864	00125.191	00126.528	cell = 88 to 95
00127.874	00129.203	00130.519	00131.849	00133.180	00134.506	00135.838	00137.176	cell = 96 to 103
00138.513	00139.864	00141.211	00142.556	00143.890	00145.212	00146.528	00147.849	cell = 104 to 111
00149.192	00150.545	00151.906	00153.293	00154.692	00156.092	00157.450	00158.770	cell = 112 to 119
00160.087	00161.410	00162.741	00164.075	00165.401	00166.727	00168.053	00169.386	cell = 120 to 127
00170.713	00172.041	00173.351	00174.635	00175.919	00177.231	00178.568	00179.905	cell = 128 to 135
00181.245	00182.614	00183.997	00185.406	00186.809	00188.198	00189.560	00190.894	cell = 136 to 143
00192.210	00193.534	00194.881	00196.229	00197.573	00198.930	00200.265	00201.592	cell = 144 to 151
00202.902	00204.238	00205.574	00206.912	00208.248	00209.595	00210.968	00212.340	cell = 152 to 159
00213.685	00215.019	00216.340	00217.663	00219.007	00220.386	00221.761	00223.109	cell = 160 to 167
00224.435	00225.756	00227.086	00228.444	00229.786	00231.129	00232.495	00233.883	cell = 168 to 175
00235.285	00236.685	00238.066	00239.434	00240.793	00242.165	00243.546	00244.938	cell = 176 to 183
00246.306	00247.645	00248.978	00250.308	00251.628	00252.950	00254.275	00255.614	cell = 184 to 191
00256.946	00258.266	00259.573	00260.867	00262.159	00263.449	00264.737	00266.028	cell = 192 to 199
00267.343	00268.664	00270.007	00271.359	00272.712	00274.047	00275.365	00276.690	cell = 200 to 207
00278.022	00279.364	00280.715	00282.058	00283.402	00284.748	00286.112	00287.496	cell = 208 to 215
00288.858	00290.195	00291.517	00292.844	00294.171	00295.481	00296.786	00298.106	cell = 216 to 223
00299.442	00300.781	00302.134	00303.490	00304.828	00306.130	00307.423	00308.751	cell = 224 to 231
00310.115	00311.479	00312.837	00314.205	00315.578	00316.932	00318.277	00319.619	cell = 232 to 239
00320.968	00322.326	00323.690	00325.078	00326.450	00327.790	00329.108	00330.422	cell = 240 to 247
00331.733	00333.037	00334.345	00335.671	00337.002	00338.330	00339.649	00340.963	cell = 248 to 255
00342.275	00343.590	00344.905	00346.258	00347.622	00348.973	00350.319	00351.675	cell = 256 to 263
00353.036	00354.400	00355.761	00357.138	00358.510	00359.874	00361.230	00362.583	cell = 264 to 271
00363.922	00365.248	00366.576	00367.921	00369.272	00370.613	00371.942	00373.290	cell = 272 to 279
00374.652	00376.007	00377.355	00378.701	00380.044	00381.376	00382.691	00384.011	cell = 280 to 287
00385.337	00386.657	00387.979	00389.329	00390.698	00392.063	00393.399	00394.720	cell = 288 to 295
00396.042	00397.374	00398.711	00400.047	00401.387	00402.710	00404.020	00405.343	cell = 296 to 303
00406.686	00408.025	00409.332	00410.623	00411.928	00413.253	00414.581	00415.915	cell = 304 to 311
00417.238	00418.568	00419.915	00421.274	00422.646	00424.022	00425.368	00426.690	cell = 312 to 319
00428.015	00429.348	00430.681	00431.997	00433.310	00434.616	00435.915	00437.238	cell = 320 to 327
00438.571	00439.910	00441.255	00442.614	00443.982	00445.356	00446.733	00448.102	cell = 328 to 335
00449.462	00450.819	00452.171	00453.529	00454.896	00456.263	00457.603	00458.925	cell = 336 to 343
00460.228	00461.520	00462.807	00464.108	00465.421	00466.730	00468.034	00469.357	cell = 344 to 351
00470.696	00472.047	00473.387	00474.691	00475.998	00477.331	00478.682	00480.028	cell = 352 to 359
00481.383	00482.739	00484.073	00485.412	00486.755	00488.098	00489.429	00490.765	cell = 360 to 367
00492.102	00493.460	00494.815	00496.168	00497.500	00498.825	00500.139	00501.447	cell = 368 to 375
00502.774	00504.119	00505.467	00506.830	00508.186	00509.532	00510.873	00512.221	cell = 376 to 383
00513.564	00514.918	00516.271	00517.613	00518.953	00520.298	00521.631	00522.961	cell = 384 to 391
00524.278	00525.577	00526.876	00528.187	00529.505	00530.828	00532.138	00533.431	cell = 392 to 399
00534.735	00536.063	00537.405	00538.748	00540.093	00541.453	00542.796	00544.151	cell = 400 to 407
00545.528	00546.894	00548.257	00549.610	00550.967	00552.331	00553.677	00555.019	cell = 408 to 415
00556.347	00557.689	00559.033	00560.384	00561.744	00563.106	00564.445	00565.776	cell = 416 to 423
00567.101	00568.440	00569.787	00571.126	00572.473	00573.826	00575.186	00576.530	cell = 424 to 431
00577.857	00579.173	00580.482	00581.809	00583.142	00584.480	00585.825	00587.165	cell = 432 to 439
00588.494	00589.839	00591.176	00592.503	00593.843	00595.175	00596.503	00597.845	cell = 440 to 447
00599.217	00600.578	00601.939	00603.321	00604.703	00606.075	00607.458	00608.846	cell = 448 to 455
00610.224	00611.595	00612.964	00614.334	00615.709	00617.054	00618.368	00619.703	cell = 456 to 463
00621.044	00622.356	00623.663	00624.983	00626.281	00627.562	00628.852	00630.169	cell = 464 to 471
00631.510	00632.870	00634.225	00635.589	00636.975	00638.351	00639.692	00641.004	cell = 472 to 479
00642.319	00643.620	00644.924	00646.254	00647.613	00648.972	00650.313	00651.625	cell = 480 to 487
00652.935	00654.249	00655.559	00656.858	00658.148	00659.442	00660.761	00662.093	cell = 488 to 495
00663.452	00664.807	00666.159	00667.486	00668.777	00670.069	00671.381	00672.695	cell = 496 to 503
00673.983	00675.246	00676.524	00677.851	00679.198	00680.536	00681.861	00683.170	cell = 504 to 511
00684.466	00685.742	00687.022	00688.341	00689.663	00690.971	00692.274	00693.596	cell = 512 to 519
00694.953	00696.309	00697.642	00698.984	00700.322	00701.646	00702.979	00704.305	cell = 520 to 527
00705.656	00706.999	00708.317	00709.623	00710.925	00712.233	00713.523	00714.804	cell = 528 to 535
00716.101	00717.411	00718.723	00720.059	00721.411	00722.752	00724.083	00725.397	cell = 536 to 543
00726.708	00728.022	00729.341	00730.685	00732.039	00733.379	00734.719	00736.071	cell = 544 to 551
00737.408	00738.710	00739.992	00741.271	00742.534	00743.795	00745.065	00746.362	cell = 552 to 559
00747.680	00748.997	00750.309	00751.646	00753.002	00754.323	00755.604	00756.879	cell = 560 to 567
00758.164	00759.441	00760.728	00762.063	00763.430	00764.796	00766.162	00767.539	cell = 568 to 575
00768.927	00770.275	00771.594	00772.914	00774.254	00775.605	00776.956	00778.332	cell = 576 to 583
00779.721	00781.073	00782.416	00783.765	00785.100	00786.391	00787.670	00788.976	cell = 584 to 591
00790.291	00791.570	00792.851	00794.168	00795.504	00796.818	00798.103	00799.399	cell = 592 to 599
00800.731	00802.048	00803.354	00804.684	00806.032	00807.353	00808.632	00809.924	cell = 600 to 607
00811.256	00812.591	00813.907	00815.236	00816.592	00817.955	00819.299	00820.639	cell = 608 to 615
00821.982	00823.293	00824.585	00825.888	00827.219	00828.574	00829.915	00831.240	cell = 616 to 623
00832.561	00833.867	00835.164	00836.483	00837.813	00839.123	00840.415	00841.713	cell = 624 to 631
00843.046	00844.394	00845.745	00847.098	00848.455	00849.791	00851.122	00852.474	cell = 632 to 639
00853.844	00855.174	00856.473	00857.784	00859.123	00860.459	00861.777	00863.104	cell = 640 to 647
00864.435	00865.748	00867.051	00868.384	00869.762	00871.130	00872.465	00873.802	cell = 648 to 655
00875.154	00876.492	00877.808	00879.130	00880.472	00881.792	00883.097	00884.411	cell = 656 to 663
00885.744	00887.057	00888.329	00889.589	00890.870	00892.170	00893.468	00894.786	cell = 664 to 671
00896.126	00897.456	00898.760	00900.056	00901.375	00902.702	00904.019	00905.346	cell = 672 to 679
00906.698	00908.052	00909.404	00910.755	00912.101	00913.414	00914.711	00916.037	cell = 680 to 687
00917.394	00918.756	00920.114	00921.473	00922.833	00924.164	00925.467	00926.779	cell = 688 to 695
00928.090	00929.370	00930.635	00931.930	00933.249	00934.561	00935.859	00937.157	cell = 696 to 703
00938.476	00939.795	00941.100	00942.399	00943.712	00945.027	00946.330	00947.648	cell = 704 to 711
00949.009	00950.380	00951.747	00953.113	00954.489	00955.833	00957.151	00958.461	cell = 712 to 719
00959.780	00961.086	00962.390	00963.700	00965.018	00966.339	00967.650	00968.965	cell = 720 to 727
00970.285	00971.604	00972.904	00974.225	00975.573	00976.918	00978.246	00979.590	cell = 728 to 735
00980.955	00982.329	00983.695	00985.058	00986.420	00987.772	00989.112	00990.470	cell = 736 to 743
00991.843	00993.190	00994.505	00995.826	00997.168	00998.508	00999.830	01001.161	cell = 744 to 751
01002.514	01003.877	01005.239	01006.603	01007.966	01009.301	01010.611	01011.935	cell = 752 to 759
01013.289	01014.633	01015.954	01017.276	01018.612	01019.939	01021.245	01022.537	cell = 760 to 767
01023.847	01025.161	01026.465	01027.773	01029.114	01030.454	01031.771	01033.095	cell = 768 to 775
01034.436	01035.793	01037.168	01038.566	01039.987	01041.396	01042.790	01044.173	cell = 776 to 783
01045.542	01046.897	01048.231	01049.574	01050.925	01052.269	01053.612	01054.962	cell = 784 to 791
01056.296	01057.600	01058.888	01060.186	01061.514	01062.847	01064.179	01065.521	cell = 792 to 799
01066.888	01068.253	01069.604	01070.969	01072.334	01073.671	01074.992	01076.311	cell = 800 to 807
01077.639	01078.948	01080.240	01081.541	01082.855	01084.169	01085.481	01086.785	cell = 808 to 815
01088.113	01089.439	01090.756	01092.095	01093.457	01094.814	01096.167	01097.526	cell = 816 to 823
01098.904	01100.258	01101.583	01102.903	01104.235	01105.569	01106.904	01108.255	cell = 824 to 831
01109.618	01110.968	01112.296	01113.627	01114.969	01116.298	01117.619	01118.952	cell = 832 to 839
01120.315	01121.660	01122.986	01124.319	01125.650	01126.957	01128.244	01129.540	cell = 840 to 847
01130.865	01132.200	01133.550	01134.898	01136.233	01137.546	01138.853	01140.175	cell = 848 to 855
01141.516	01142.859	01144.192	01145.544	01146.909	01148.244	01149.553	01150.860	cell = 856 to 863
01152.158	01153.443	01154.734	01156.061	01157.411	01158.756	01160.091	01161.441	cell = 864 to 871
01162.812	01164.159	01165.483	01166.816	01168.150	01169.464	01170.766	01172.085	cell = 872 to 879
01173.416	01174.746	01176.065	01177.387	01178.739	01180.081	01181.410	01182.740	cell = 880 to 887
01184.082	01185.408	01186.724	01188.076	01189.452	01190.824	01192.189	01193.550	cell = 888 to 895
01194.906	01196.255	01197.579	01198.891	01200.205	01201.505	01202.791	01204.097	cell = 896 to 903
01205.438	01206.782	01208.108	01209.452	01210.791	01212.102	01213.415	01214.745	cell = 904 to 911
01216.081	01217.420	01218.755	01220.090	01221.443	01222.791	01224.111	01225.424	cell = 912 to 919
01226.760	01228.100	01229.418	01230.758	01232.120	01233.458	01234.770	01236.081	cell = 920 to 927
01237.393	01238.711	01240.028	01241.376	01242.755	01244.131	01245.480	01246.803	cell = 928 to 935
01248.128	01249.458	01250.779	01252.109	01253.458	01254.805	01256.136	01257.477	cell = 936 to 943
01258.824	01260.138	01261.436	01262.752	01264.084	01265.418	01266.764	01268.119	cell = 944 to 951
01269.467	01270.796	01272.109	01273.424	01274.761	01276.120	01277.460	01278.811	cell = 952 to 959
01280.163	01281.478	01282.779	01284.086	01285.406	01286.706	01287.994	01289.298	cell = 960 to 967
01290.606	01291.921	01293.229	01294.526	01295.824	01297.145	01298.452	01299.775	cell = 968 to 975
01301.118	01302.448	01303.761	01305.068	01306.382	01307.701	01309.020	01310.361	cell = 976 to 983
01311.720	01313.070	01314.421	01315.767	01317.122	01318.470	01319.792	01321.115	cell = 984 to 991
01322.442	01323.793	01325.146	01326.491	01327.832	01329.166	01330.506	01331.843	cell = 992 to 999
01333.194	01334.565	01335.911	01337.249	01338.595	01339.966	01341.335	01342.672	cell = 1000 to 1007
01344.001	01345.365	01346.758	01348.140	01349.502	01350.848	01352.163	01353.453	cell = 1008 to 1015
01354.748	01356.061	01357.384	01358.697	01359.997	01361.318	01362.684	01364.028	cell = 1016 to 1023
