Calibration values from cell 0 to 1024 for channel 0:

23	-24	30	-43	17	9	7	-23	cell = 0 to 7
64	11	59	-30	9	13	41	-47	cell = 8 to 15
18	-27	26	-11	88	-14	20	-5	cell = 16 to 23
41	-31	47	-14	72	-1	38	10	cell = 24 to 31
34	-13	71	-25	55	25	36	37	cell = 32 to 39
9	16	57	-4	3	52	56	-5	cell = 40 to 47
34	11	23	3	-11	4	57	26	cell = 48 to 55
54	-11	48	8	23	15	78	15	cell = 56 to 63
23	41	72	-38	77	40	14	-22	cell = 64 to 71
72	-1	32	0	19	-31	4	-21	cell = 72 to 79
66	15	17	12	62	13	24	-3	cell = 80 to 87
78	3	53	-7	44	-25	62	-27	cell = 88 to 95
76	-20	23	-16	32	-3	52	-40	cell = 96 to 103
62	-12	54	20	66	-40	61	-10	cell = 104 to 111
59	2	23	-61	115	-8	85	19	cell = 112 to 119
45	-31	-4	24	42	17	15	13	cell = 120 to 127
47	-29	70	-22	65	21	27	-26	cell = 128 to 135
33	-21	12	-10	32	5	43	-23	cell = 136 to 143
19	0	25	0	42	-19	40	14	cell = 144 to 151
64	1	11	-5	37	-41	50	-10	cell = 152 to 159
58	-55	63	-19	26	-6	73	-6	cell = 160 to 167
46	-48	15	-42	70	-53	68	8	cell = 168 to 175
16	-12	43	-30	31	-21	65	0	cell = 176 to 183
11	35	-1	1	59	5	58	4	cell = 184 to 191
28	-24	48	-3	86	-62	15	-3	cell = 192 to 199
77	10	53	2	58	-43	-13	-47	cell = 200 to 207
22	7	50	-11	21	-35	35	11	cell = 208 to 215
32	-33	33	-11	52	2	68	-28	cell = 216 to 223
64	22	52	0	56	-34	11	-29	cell = 224 to 231
55	-14	55	-44	41	1	47	0	cell = 232 to 239
60	22	46	-7	53	-7	44	17	cell = 240 to 247
35	8	23	18	48	-10	67	-22	cell = 248 to 255
85	-13	30	-11	44	10	19	34	cell = 256 to 263
67	-13	33	-62	-17	-18	31	1	cell = 264 to 271
16	-41	18	-29	50	-6	82	-28	cell = 272 to 279
45	18	28	-10	36	9	54	-8	cell = 280 to 287
72	0	25	17	39	-7	-7	14	cell = 288 to 295
23	7	18	28	31	-9	18	-21	cell = 296 to 303
49	15	50	-6	62	10	48	29	cell = 304 to 311
32	-29	14	-45	43	-13	57	4	cell = 312 to 319
75	-20	16	-8	50	11	65	8	cell = 320 to 327
70	36	21	-31	79	-26	70	16	cell = 328 to 335
41	-20	37	-25	20	7	46	-57	cell = 336 to 343
23	24	81	-6	43	-32	43	-28	cell = 344 to 351
82	-3	41	-30	55	-8	66	1	cell = 352 to 359
-4	1	51	10	26	-26	43	14	cell = 360 to 367
10	-44	70	2	35	-21	23	-29	cell = 368 to 375
48	-15	9	-13	33	-36	14	-2	cell = 376 to 383
70	12	6	-12	48	-8	16	18	cell = 384 to 391
31	0	33	14	12	-16	1	-11	cell = 392 to 399
55	32	22	-3	26	0	42	10	cell = 400 to 407
44	-28	27	-24	25	-10	51	7	cell = 408 to 415
34	-12	44	34	40	-29	68	-38	cell = 416 to 423
53	10	22	-23	54	-20	64	4	cell = 424 to 431
91	-36	57	-12	55	-27	9	-6	cell = 432 to 439
56	16	4	1	33	21	46	-13	cell = 440 to 447
37	18	-6	-16	47	16	52	0	cell = 448 to 455
-9	22	83	-6	27	-2	32	-5	cell = 456 to 463
74	-22	96	-6	60	5	40	-34	cell = 464 to 471
29	4	44	37	-16	5	0	0	cell = 472 to 479
62	-25	15	-40	48	26	59	33	cell = 480 to 487
84	6	48	-23	43	3	12	-3	cell = 488 to 495
36	-14	-36	-66	-16	-64	-4	-116	cell = 496 to 503
87	7	40	-2	76	-29	75	20	cell = 504 to 511
-37	18	-52	-19	-27	10	-40	-4	cell = 512 to 519
6	-18	-17	-55	-1	-4	-70	-31	cell = 520 to 527
-4	-14	-36	21	-2	21	-15	6	cell = 528 to 535
28	18	-10	-47	-47	10	9	-29	cell = 536 to 543
6	-41	-6	10	-20	-58	5	-8	cell = 544 to 551
-45	-31	-2	-28	-11	-7	-33	24	cell = 552 to 559
-22	17	-29	-67	2	-1	7	29	cell = 560 to 567
-38	-27	-28	27	-1	12	-31	-13	cell = 568 to 575
-25	-42	0	-30	-6	-43	-16	13	cell = 576 to 583
-45	6	-20	-13	-60	-22	-67	-39	cell = 584 to 591
-12	18	14	-27	-38	10	14	7	cell = 592 to 599
-18	-21	-17	-55	-31	-7	6	-26	cell = 600 to 607
0	26	-26	-14	-4	-44	-38	-4	cell = 608 to 615
-33	-42	-10	12	-8	-1	-7	1	cell = 616 to 623
-16	-15	-6	-36	21	-33	-45	-19	cell = 624 to 631
17	-11	-35	-4	2	-45	12	-7	cell = 632 to 639
-55	-16	1	-14	-58	6	-18	15	cell = 640 to 647
-39	4	-47	-45	-21	-23	-15	-15	cell = 648 to 655
0	-9	-11	10	-52	-3	-14	8	cell = 656 to 663
-21	-61	-45	-23	13	-19	20	-23	cell = 664 to 671
-38	8	-52	5	-43	-19	-19	-63	cell = 672 to 679
-49	-53	-32	-28	-35	0	-49	-17	cell = 680 to 687
3	-36	-13	-12	3	-17	10	-1	cell = 688 to 695
0	15	-7	-19	24	19	-10	-27	cell = 696 to 703
-24	-7	-18	-29	-38	13	-38	29	cell = 704 to 711
-35	-22	-46	-1	-3	-13	0	-56	cell = 712 to 719
9	-5	6	-13	-2	-5	-35	10	cell = 720 to 727
-32	-4	-13	-24	-57	-7	-5	-33	cell = 728 to 735
-28	-16	-18	-21	-50	9	-23	0	cell = 736 to 743
-42	3	-24	-22	-18	-30	-21	-6	cell = 744 to 751
-21	-7	-44	21	0	-22	-55	-2	cell = 752 to 759
-13	-17	-22	-32	-24	-25	-17	-8	cell = 760 to 767
34	-32	-22	-22	25	-8	14	-17	cell = 768 to 775
-47	-53	-12	-36	-20	-38	26	-41	cell = 776 to 783
43	-26	20	-3	-8	-14	-30	30	cell = 784 to 791
-39	12	11	2	-19	-24	-23	-23	cell = 792 to 799
-26	-39	-6	-23	-4	-33	-18	5	cell = 800 to 807
-29	-8	-7	-7	-9	-32	1	-30	cell = 808 to 815
-50	40	-43	-2	11	12	-32	-21	cell = 816 to 823
-35	-32	-3	28	-33	-18	-42	-14	cell = 824 to 831
-12	-22	-39	-1	1	-11	-30	-25	cell = 832 to 839
-29	-43	-5	-48	-32	-39	-16	-83	cell = 840 to 847
-18	13	-38	6	-26	-19	-28	-16	cell = 848 to 855
-18	-39	-30	-13	-20	-26	-12	-50	cell = 856 to 863
22	-17	-23	2	-25	-41	-26	-1	cell = 864 to 871
-19	-50	-20	-23	-21	-4	-16	-14	cell = 872 to 879
-9	-6	3	42	-45	3	-51	-18	cell = 880 to 887
-22	3	-20	-17	-10	-6	9	-8	cell = 888 to 895
-35	-36	17	-3	-46	13	-21	-26	cell = 896 to 903
23	0	-45	18	-25	-37	-13	-50	cell = 904 to 911
-43	-57	-16	-30	34	0	-38	-2	cell = 912 to 919
5	-30	12	-23	-43	10	-37	-37	cell = 920 to 927
-65	-4	-12	-45	-39	-28	-35	13	cell = 928 to 935
24	-57	-11	18	-21	39	-17	-63	cell = 936 to 943
-14	-30	11	-47	-30	-18	-11	-51	cell = 944 to 951
-3	10	-18	-30	-21	-1	-51	-41	cell = 952 to 959
-68	-10	-19	8	-51	-73	-2	13	cell = 960 to 967
-17	-18	-36	-1	-44	30	-51	7	cell = 968 to 975
-15	-27	1	-48	-20	-38	-6	-16	cell = 976 to 983
-57	-41	-14	-14	-14	0	-18	-3	cell = 984 to 991
-36	-54	0	-20	-25	13	-7	-19	cell = 992 to 999
-39	6	-48	-4	-12	2	21	-39	cell = 1000 to 1007
11	6	-39	-7	7	5	-33	-2	cell = 1008 to 1015
2	-21	-67	-33	37	14	-14	-31	cell = 1016 to 1023
Calibration values from cell 0 to 1024 for channel 1:

50	-3	85	-39	33	0	58	-13	cell = 0 to 7
29	-27	39	-27	46	-31	50	-10	cell = 8 to 15
72	-36	4	-18	59	-25	29	-10	cell = 16 to 23
25	-46	26	24	55	-24	36	0	cell = 24 to 31
45	0	30	10	82	-2	36	-19	cell = 32 to 39
44	-40	43	-20	28	2	29	-12	cell = 40 to 47
31	-6	56	6	46	-1	-8	-8	cell = 48 to 55
30	15	60	-17	16	-15	26	6	cell = 56 to 63
93	32	52	3	54	19	36	52	cell = 64 to 71
78	27	0	21	53	-36	15	-31	cell = 72 to 79
59	-12	40	20	52	-32	113	-44	cell = 80 to 87
34	16	1	17	59	-5	18	24	cell = 88 to 95
43	2	36	27	5	10	80	6	cell = 96 to 103
55	6	48	19	45	-48	22	0	cell = 104 to 111
59	-19	-11	-27	40	-3	38	-23	cell = 112 to 119
63	-21	16	34	30	2	40	-45	cell = 120 to 127
35	7	39	-17	18	-13	49	35	cell = 128 to 135
34	-30	22	3	26	-21	75	7	cell = 136 to 143
24	-57	37	-15	49	-18	32	24	cell = 144 to 151
53	2	34	-9	59	-17	18	-6	cell = 152 to 159
51	-31	22	17	56	8	30	12	cell = 160 to 167
22	-17	51	-47	1	0	88	-23	cell = 168 to 175
53	-21	21	3	27	-14	58	-27	cell = 176 to 183
30	-15	42	-13	92	12	50	-15	cell = 184 to 191
58	-17	57	-26	88	-4	25	-3	cell = 192 to 199
45	-21	2	23	62	33	53	-5	cell = 200 to 207
40	-11	37	-40	48	-9	33	-15	cell = 208 to 215
31	-56	65	25	39	-28	22	-34	cell = 216 to 223
39	-24	75	-43	23	-21	56	6	cell = 224 to 231
-15	-46	23	-8	76	-1	48	11	cell = 232 to 239
57	13	54	32	54	-60	56	-9	cell = 240 to 247
39	-38	16	-4	76	25	78	-23	cell = 248 to 255
21	-21	23	-31	36	12	24	-23	cell = 256 to 263
37	-17	64	-16	19	1	15	5	cell = 264 to 271
51	6	17	40	81	3	33	27	cell = 272 to 279
2	-6	-13	19	47	-20	53	-8	cell = 280 to 287
23	24	23	-9	-1	29	42	12	cell = 288 to 295
70	-8	63	-25	61	15	56	31	cell = 296 to 303
40	-61	54	-25	32	-14	37	-8	cell = 304 to 311
57	23	44	-9	30	-16	48	-34	cell = 312 to 319
58	2	61	1	56	0	69	16	cell = 320 to 327
68	-46	39	-6	37	-29	85	-25	cell = 328 to 335
55	-7	35	7	95	-20	51	17	cell = 336 to 343
24	-36	22	-30	-5	9	34	-27	cell = 344 to 351
53	-16	45	-15	56	-23	83	28	cell = 352 to 359
19	-12	25	-53	25	-7	53	-32	cell = 360 to 367
37	-36	41	11	35	-8	-19	14	cell = 368 to 375
-24	8	42	3	71	-45	-3	5	cell = 376 to 383
57	11	27	-13	47	-10	67	-29	cell = 384 to 391
15	18	27	-3	28	-25	24	5	cell = 392 to 399
37	-64	36	-17	39	-25	69	-40	cell = 400 to 407
25	6	55	-25	48	-30	57	16	cell = 408 to 415
59	-22	20	-14	24	4	42	6	cell = 416 to 423
61	12	43	24	15	1	31	-9	cell = 424 to 431
27	-12	43	-35	57	15	56	18	cell = 432 to 439
10	-6	16	-51	35	22	46	-34	cell = 440 to 447
33	-11	24	-21	21	-61	19	44	cell = 448 to 455
48	-21	52	-5	24	-2	55	-11	cell = 456 to 463
16	2	36	-9	67	-55	37	-1	cell = 464 to 471
78	-7	37	-3	38	-14	31	16	cell = 472 to 479
62	8	68	-49	46	26	69	1	cell = 480 to 487
44	16	47	-24	67	-9	27	-40	cell = 488 to 495
-11	0	12	-128	-24	-69	20	-73	cell = 496 to 503
54	-25	33	-4	39	18	58	-64	cell = 504 to 511
0	-41	-42	-14	-67	-32	-27	-7	cell = 512 to 519
0	6	-37	-26	-54	15	-17	-11	cell = 520 to 527
10	-22	1	0	-35	-60	11	-17	cell = 528 to 535
-27	-38	-61	-25	-52	-18	-24	-34	cell = 536 to 543
5	0	-37	-28	-11	-3	-9	39	cell = 544 to 551
-36	-17	-7	-8	-2	-20	-29	16	cell = 552 to 559
9	-28	-17	-7	5	-14	-19	2	cell = 560 to 567
9	-42	-21	-27	-25	-36	-39	-16	cell = 568 to 575
-33	-18	-28	40	-52	-12	15	3	cell = 576 to 583
-57	23	-52	-24	9	-24	7	-6	cell = 584 to 591
-40	-47	-63	-29	-47	-12	22	-4	cell = 592 to 599
-6	13	31	35	-43	-26	-14	-19	cell = 600 to 607
-8	-13	-24	-20	-11	-30	-41	-39	cell = 608 to 615
-26	16	-23	-12	-2	-10	0	8	cell = 616 to 623
-15	-22	-33	0	4	9	27	59	cell = 624 to 631
-58	6	-20	-36	-2	7	-9	4	cell = 632 to 639
-4	-56	6	-9	-8	-34	-52	-3	cell = 640 to 647
-60	16	-46	8	-9	-28	-37	2	cell = 648 to 655
-27	-20	2	-22	-18	-31	-18	-40	cell = 656 to 663
-13	-8	-38	-24	-34	-27	4	29	cell = 664 to 671
1	-17	-4	21	-12	-28	20	-26	cell = 672 to 679
-30	-20	-20	-4	5	-7	17	-23	cell = 680 to 687
-38	19	14	-8	-50	-25	16	-20	cell = 688 to 695
-24	-28	-11	-43	-58	-37	-37	-44	cell = 696 to 703
-25	-4	-6	-7	-69	30	13	5	cell = 704 to 711
-6	11	-38	-38	4	-1	15	9	cell = 712 to 719
-46	-39	-5	9	-3	-17	-35	9	cell = 720 to 727
-44	14	-39	-24	-48	-25	-55	-16	cell = 728 to 735
-27	6	20	-23	-26	12	-17	-32	cell = 736 to 743
1	9	-8	-58	-57	2	-23	8	cell = 744 to 751
-7	1	-11	-11	11	-18	-67	-27	cell = 752 to 759
-69	-10	-27	-61	8	-4	6	-17	cell = 760 to 767
1	4	-18	-15	-26	-41	-9	-8	cell = 768 to 775
-29	11	-22	-22	-23	-24	-42	5	cell = 776 to 783
-50	-39	-10	-36	-17	14	-26	-7	cell = 784 to 791
-21	-30	-7	-56	-27	0	-28	31	cell = 792 to 799
-10	1	15	-22	4	-55	2	-31	cell = 800 to 807
8	2	-31	-11	-11	2	7	0	cell = 808 to 815
-51	-33	-26	-61	-12	-44	-4	-27	cell = 816 to 823
-14	-41	-63	-38	20	6	-20	-3	cell = 824 to 831
-18	-10	12	-6	-25	-14	9	-31	cell = 832 to 839
-3	-45	22	-49	-3	10	-23	-66	cell = 840 to 847
-22	-30	-21	-17	-1	-47	-19	-7	cell = 848 to 855
-48	-19	-32	2	-12	-39	-26	13	cell = 856 to 863
-45	-8	-5	-41	7	-40	-33	-6	cell = 864 to 871
-15	-8	4	-20	-14	-31	-7	28	cell = 872 to 879
1	-12	-42	-11	29	24	-39	7	cell = 880 to 887
-17	-38	-9	29	-20	-33	-17	0	cell = 888 to 895
-15	-7	-22	-15	18	-11	-24	-4	cell = 896 to 903
-34	17	-41	-28	-4	-17	-22	-38	cell = 904 to 911
6	-10	-9	-14	-6	-21	-22	28	cell = 912 to 919
-12	35	-49	-30	-12	32	-7	-43	cell = 920 to 927
-9	4	-17	-16	-24	-37	9	9	cell = 928 to 935
-26	-6	-9	-10	-59	-20	1	-36	cell = 936 to 943
-26	-20	4	-32	-18	-11	5	16	cell = 944 to 951
-3	0	-64	-21	-20	10	35	-20	cell = 952 to 959
12	-13	28	2	-45	11	-16	-13	cell = 960 to 967
16	19	-9	17	-34	19	-33	-42	cell = 968 to 975
-33	10	-7	-14	-14	-24	-31	-18	cell = 976 to 983
-32	17	-48	-28	-28	-47	12	-4	cell = 984 to 991
-34	-12	0	-55	-13	-18	-22	-1	cell = 992 to 999
-4	-6	35	-33	-11	-16	-22	-22	cell = 1000 to 1007
-20	-13	-46	5	-6	-63	-65	-26	cell = 1008 to 1015
-43	-19	-7	11	-39	11	-35	-21	cell = 1016 to 1023
Calibration values from cell 0 to 1024 for channel 2:

54	3	17	-34	45	6	91	-27	cell = 0 to 7
36	-62	48	15	47	-44	82	-13	cell = 8 to 15
50	-9	63	16	39	-9	39	45	cell = 16 to 23
40	-22	15	-10	31	-7	36	-20	cell = 24 to 31
31	-17	36	-4	34	-22	29	11	cell = 32 to 39
61	-8	-6	-18	52	-25	44	21	cell = 40 to 47
81	12	46	13	75	-4	89	-11	cell = 48 to 55
40	-48	33	-33	45	-30	58	6	cell = 56 to 63
64	-16	43	5	32	-23	66	-22	cell = 64 to 71
32	39	54	31	41	-25	44	24	cell = 72 to 79
60	7	51	16	70	-8	24	-3	cell = 80 to 87
67	-17	28	-40	52	5	29	20	cell = 88 to 95
67	-50	65	-22	36	-23	69	19	cell = 96 to 103
15	19	41	-13	55	12	5	-19	cell = 104 to 111
40	-2	76	24	6	25	62	35	cell = 112 to 119
60	-15	59	-32	12	-18	42	-31	cell = 120 to 127
25	-64	28	40	6	-4	19	-5	cell = 128 to 135
-5	-4	48	34	3	-53	61	2	cell = 136 to 143
25	-28	51	13	50	-2	72	39	cell = 144 to 151
68	-48	60	13	60	-25	4	-25	cell = 152 to 159
21	14	14	-9	25	-37	57	32	cell = 160 to 167
59	2	106	-3	78	-57	41	16	cell = 168 to 175
34	-35	23	-27	26	41	47	0	cell = 176 to 183
53	-14	61	9	8	-2	40	45	cell = 184 to 191
46	-11	47	-6	13	-10	37	18	cell = 192 to 199
56	19	28	-29	41	-50	42	-34	cell = 200 to 207
23	-4	0	40	57	-29	28	13	cell = 208 to 215
60	-31	38	-38	35	-19	7	-6	cell = 216 to 223
57	26	21	-9	63	10	41	-16	cell = 224 to 231
76	21	30	-48	37	10	2	9	cell = 232 to 239
83	5	24	-7	64	15	23	38	cell = 240 to 247
41	25	-11	23	30	-2	42	20	cell = 248 to 255
48	4	57	-11	39	-43	64	-26	cell = 256 to 263
60	19	46	8	52	-11	18	-2	cell = 264 to 271
13	-5	32	-22	60	-35	59	-21	cell = 272 to 279
57	1	45	-5	64	-29	63	-15	cell = 280 to 287
43	28	25	0	22	16	40	-38	cell = 288 to 295
80	35	57	11	19	16	40	11	cell = 296 to 303
78	15	38	37	31	-36	33	-3	cell = 304 to 311
10	6	19	-39	35	-19	12	9	cell = 312 to 319
29	0	20	-40	66	-33	38	2	cell = 320 to 327
57	18	48	-32	-6	11	50	14	cell = 328 to 335
42	-10	52	-20	59	-42	62	-8	cell = 336 to 343
42	11	-19	14	39	-48	36	-10	cell = 344 to 351
43	-10	64	-26	-7	5	17	-35	cell = 352 to 359
38	5	31	-24	41	15	38	22	cell = 360 to 367
68	-26	28	-6	51	-49	27	13	cell = 368 to 375
32	-19	16	4	62	-55	43	11	cell = 376 to 383
-4	-22	69	12	59	-37	17	-16	cell = 384 to 391
54	-14	35	-4	13	12	39	11	cell = 392 to 399
51	-39	88	-12	47	-8	34	21	cell = 400 to 407
19	3	47	18	55	-11	25	-15	cell = 408 to 415
51	-26	75	31	41	14	-2	-34	cell = 416 to 423
5	7	30	2	33	-10	32	-25	cell = 424 to 431
60	-9	52	14	51	19	25	-29	cell = 432 to 439
26	-2	53	-1	38	-11	50	-2	cell = 440 to 447
24	-27	19	-19	43	-12	-7	-48	cell = 448 to 455
53	20	63	-34	28	-34	41	-29	cell = 456 to 463
38	3	44	17	86	19	10	-4	cell = 464 to 471
17	20	18	-12	19	-50	-6	-59	cell = 472 to 479
19	33	56	24	24	-31	80	-44	cell = 480 to 487
42	-34	56	1	21	-22	32	-18	cell = 488 to 495
16	14	24	-54	-9	-72	1	-92	cell = 496 to 503
35	-28	-33	-50	19	17	46	-52	cell = 504 to 511
11	-13	-34	-24	-36	-19	6	-55	cell = 512 to 519
30	11	-4	-54	-42	-22	-29	5	cell = 520 to 527
3	26	-1	-62	-13	-11	-17	22	cell = 528 to 535
-34	-57	-4	-12	-6	5	7	15	cell = 536 to 543
20	-49	-13	-69	-25	-58	-32	-24	cell = 544 to 551
-32	-23	-29	18	-20	8	-37	-42	cell = 552 to 559
-38	-46	-61	17	-5	9	-24	-32	cell = 560 to 567
-45	-32	-22	-29	-6	-34	-38	-47	cell = 568 to 575
-39	-20	-30	-18	-38	23	-18	-20	cell = 576 to 583
-16	3	-32	-34	-12	-5	-14	-28	cell = 584 to 591
50	2	-18	9	-48	20	-3	1	cell = 592 to 599
-47	3	-41	-26	22	-16	-3	-47	cell = 600 to 607
-40	-32	-29	41	2	24	-73	-11	cell = 608 to 615
-23	-36	-18	-14	-17	-8	13	0	cell = 616 to 623
-11	-20	-5	-19	-15	-3	-25	-55	cell = 624 to 631
18	-18	14	-47	33	0	11	-25	cell = 632 to 639
-53	-14	-39	17	-17	12	-49	-36	cell = 640 to 647
-24	4	3	7	6	-57	-41	36	cell = 648 to 655
-44	-30	-19	20	-20	-20	0	-15	cell = 656 to 663
-20	-6	-15	19	-18	-17	28	-16	cell = 664 to 671
-48	-18	-20	-7	5	6	38	-16	cell = 672 to 679
-39	-9	7	-46	3	-13	-15	8	cell = 680 to 687
-2	-39	-38	2	-20	-41	8	-36	cell = 688 to 695
-50	-43	-21	-6	-15	13	-34	33	cell = 696 to 703
-11	16	-24	-48	-36	39	-34	-42	cell = 704 to 711
5	-13	-50	-15	-29	4	-44	-21	cell = 712 to 719
-15	-10	-28	-30	-26	-8	-30	0	cell = 720 to 727
-26	-51	-18	-13	-35	-10	-48	-21	cell = 728 to 735
-19	2	-19	-21	-17	10	-20	22	cell = 736 to 743
-25	-28	-14	5	-19	-10	-10	-30	cell = 744 to 751
-21	0	-20	-26	-46	-18	-33	30	cell = 752 to 759
-11	-19	-16	-54	-27	9	25	-11	cell = 760 to 767
-35	-9	-6	-11	-50	-9	24	-9	cell = 768 to 775
-17	-30	7	27	-10	3	-35	-9	cell = 776 to 783
-38	-21	28	0	-20	-59	13	-10	cell = 784 to 791
-23	-19	-7	10	8	0	-4	-9	cell = 792 to 799
-12	-11	0	-5	-15	-32	6	-51	cell = 800 to 807
-43	-11	-59	-16	-42	-15	-39	-14	cell = 808 to 815
-30	-44	-18	-30	-32	-11	-4	-38	cell = 816 to 823
-55	-31	-34	-43	2	-44	-7	26	cell = 824 to 831
-60	-36	-29	-34	-25	-13	-35	-64	cell = 832 to 839
-38	-8	33	-3	-37	-17	-8	-29	cell = 840 to 847
-16	2	-11	24	-30	-4	-35	10	cell = 848 to 855
-10	0	-11	10	-22	-27	11	-17	cell = 856 to 863
-11	36	-48	5	-25	10	-28	42	cell = 864 to 871
-34	-57	-41	-26	-3	21	-16	-28	cell = 872 to 879
-2	-16	-33	-19	-48	-9	-48	-3	cell = 880 to 887
13	-13	-76	20	-30	-24	-47	9	cell = 888 to 895
-14	8	-22	-28	-56	-52	-43	-26	cell = 896 to 903
-24	-15	17	-55	-20	-16	-23	14	cell = 904 to 911
4	-39	-63	18	-48	3	6	-39	cell = 912 to 919
-45	9	19	19	-3	5	-35	28	cell = 920 to 927
-21	-8	-6	-26	-16	-23	32	-45	cell = 928 to 935
-26	-19	-10	-17	1	-2	-27	13	cell = 936 to 943
-32	-12	-34	-29	-21	-45	-5	-8	cell = 944 to 951
-17	22	-21	-21	-19	-29	-46	10	cell = 952 to 959
-41	-7	-5	2	-65	5	-25	-33	cell = 960 to 967
-59	-4	-8	13	-46	-12	13	-4	cell = 968 to 975
-10	-30	-15	-18	5	-42	-15	-10	cell = 976 to 983
-14	4	-19	7	-3	15	-51	-38	cell = 984 to 991
-30	3	6	1	-10	-24	8	-61	cell = 992 to 999
-34	37	-35	-6	4	1	-1	-34	cell = 1000 to 1007
-13	-27	10	-50	-5	-8	-13	-19	cell = 1008 to 1015
48	-34	-5	-5	-35	-11	13	-15	cell = 1016 to 1023
Calibration values from cell 0 to 1024 for channel 3:

48	2	46	-36	32	-19	63	-46	cell = 0 to 7
58	37	3	21	38	-29	6	-16	cell = 8 to 15
33	-14	50	1	41	8	40	-5	cell = 16 to 23
30	-36	78	0	39	8	62	12	cell = 24 to 31
21	22	32	0	45	9	38	15	cell = 32 to 39
26	-31	36	15	31	38	61	20	cell = 40 to 47
31	-4	67	4	83	14	29	61	cell = 48 to 55
26	-22	58	11	8	-51	20	-13	cell = 56 to 63
46	-17	78	-50	75	30	60	10	cell = 64 to 71
33	20	49	-25	29	-11	23	23	cell = 72 to 79
72	10	67	22	38	13	24	-34	cell = 80 to 87
64	22	35	-4	44	-5	56	-40	cell = 88 to 95
43	43	67	26	-4	-13	73	-49	cell = 96 to 103
53	-14	38	33	106	-10	32	-6	cell = 104 to 111
79	9	70	-23	26	1	33	-43	cell = 112 to 119
86	-16	25	-7	24	-18	65	-17	cell = 120 to 127
33	4	31	-22	20	10	5	-2	cell = 128 to 135
70	7	28	-6	65	36	25	8	cell = 136 to 143
89	-37	25	27	46	-49	48	-45	cell = 144 to 151
38	-16	26	-16	59	-9	9	0	cell = 152 to 159
49	-11	61	-9	36	-41	0	-26	cell = 160 to 167
15	0	47	-17	25	-21	8	-24	cell = 168 to 175
54	7	25	21	84	-2	13	-17	cell = 176 to 183
53	-4	1	3	38	-43	21	-23	cell = 184 to 191
42	-14	59	-39	37	-5	6	-24	cell = 192 to 199
24	-8	26	-24	53	18	63	-30	cell = 200 to 207
24	-9	87	-8	0	17	56	0	cell = 208 to 215
24	-5	56	0	56	-51	68	-18	cell = 216 to 223
0	-53	30	-14	44	-4	1	-11	cell = 224 to 231
22	-18	6	3	-11	-36	33	0	cell = 232 to 239
21	-51	15	-9	34	-9	37	-9	cell = 240 to 247
51	-38	69	-22	28	27	47	4	cell = 248 to 255
27	-43	43	9	35	-10	11	39	cell = 256 to 263
10	-9	60	35	47	-8	44	7	cell = 264 to 271
24	0	41	-25	64	37	53	20	cell = 272 to 279
19	-61	70	40	50	-23	48	-3	cell = 280 to 287
14	-33	37	-15	51	-26	11	22	cell = 288 to 295
13	-5	66	4	56	-32	49	-11	cell = 296 to 303
73	-13	57	-68	48	14	17	-39	cell = 304 to 311
76	22	38	-27	25	-40	39	-24	cell = 312 to 319
-1	6	48	-6	44	16	24	-27	cell = 320 to 327
68	-15	66	6	74	-6	61	-44	cell = 328 to 335
33	-40	53	-3	64	-3	45	-18	cell = 336 to 343
59	-29	81	13	37	-13	80	10	cell = 344 to 351
49	-15	32	-34	24	16	49	-3	cell = 352 to 359
44	-9	38	-14	32	27	45	-10	cell = 360 to 367
72	38	47	12	37	-40	16	-7	cell = 368 to 375
70	33	50	-34	24	-28	61	-38	cell = 376 to 383
40	1	59	-31	59	-10	57	1	cell = 384 to 391
40	0	33	9	25	-20	16	10	cell = 392 to 399
59	-11	25	10	60	-13	9	-22	cell = 400 to 407
58	38	44	22	32	7	67	17	cell = 408 to 415
33	-29	54	-31	41	3	50	-11	cell = 416 to 423
53	19	85	-22	33	-6	49	-36	cell = 424 to 431
22	-13	40	-41	10	17	22	-5	cell = 432 to 439
24	28	26	13	53	-23	51	30	cell = 440 to 447
58	47	7	-35	21	-17	64	36	cell = 448 to 455
-6	-39	68	-28	11	4	16	-12	cell = 456 to 463
37	-9	11	11	53	-35	18	9	cell = 464 to 471
56	-45	36	38	14	0	30	-4	cell = 472 to 479
39	24	59	-8	27	8	40	-8	cell = 480 to 487
49	-35	61	-10	-16	-9	54	-69	cell = 488 to 495
47	-18	23	-67	-28	-47	-16	-104	cell = 496 to 503
35	-10	14	-20	53	-25	38	-22	cell = 504 to 511
-35	-35	-58	-4	-20	-18	-5	-12	cell = 512 to 519
-35	6	-38	-32	-37	-33	-16	-32	cell = 520 to 527
10	9	9	-29	-34	-21	14	-11	cell = 528 to 535
-47	-30	-30	0	-23	-2	-18	-29	cell = 536 to 543
-53	-41	-21	-4	4	-2	16	-45	cell = 544 to 551
-36	-31	8	-1	-24	-4	7	-4	cell = 552 to 559
0	-10	-28	-6	-39	-7	-14	-29	cell = 560 to 567
-13	-1	1	-46	-51	-30	-19	-6	cell = 568 to 575
-6	-4	9	-19	-9	-36	-51	4	cell = 576 to 583
-65	-3	-42	-11	-38	-49	-20	3	cell = 584 to 591
-40	-20	-39	-25	15	-38	11	-5	cell = 592 to 599
-29	-48	23	-47	-30	-9	8	17	cell = 600 to 607
-17	20	-13	-12	-29	-16	-29	-4	cell = 608 to 615
-12	-2	-44	-2	-4	0	-17	30	cell = 616 to 623
8	2	52	-32	-8	6	-40	-8	cell = 624 to 631
-24	-20	-7	7	-2	-11	-25	19	cell = 632 to 639
-22	-3	-30	-6	-34	-40	-8	-21	cell = 640 to 647
-14	-30	-14	-47	-35	-8	8	-24	cell = 648 to 655
-37	-18	-39	-22	-31	-5	-24	-10	cell = 656 to 663
-7	0	-45	-40	-29	-4	-53	-35	cell = 664 to 671
-22	-61	-11	-33	14	-42	2	26	cell = 672 to 679
-4	-35	40	-13	-22	-4	-41	-52	cell = 680 to 687
-58	-10	-14	-15	-25	8	7	-3	cell = 688 to 695
-18	-35	-25	-28	7	11	-14	9	cell = 696 to 703
-13	-12	-19	-24	-15	-19	-29	-23	cell = 704 to 711
10	-23	-18	-43	-4	-1	17	8	cell = 712 to 719
10	-35	-22	-36	-27	-27	-28	-36	cell = 720 to 727
-61	-30	-37	-11	-47	-23	-29	48	cell = 728 to 735
-48	23	-37	-15	-9	-13	-4	6	cell = 736 to 743
-33	15	5	-19	-3	19	-25	-34	cell = 744 to 751
-43	10	-19	3	-24	-29	-20	-19	cell = 752 to 759
-7	-12	-69	-17	-39	-37	-27	-11	cell = 760 to 767
0	-2	4	-17	-21	-54	-28	-11	cell = 768 to 775
-43	7	-32	-7	-26	-22	6	-16	cell = 776 to 783
18	-9	-11	-14	-16	-2	-18	-12	cell = 784 to 791
-12	-26	-11	-15	-10	-22	-28	-8	cell = 792 to 799
-48	-17	-9	-39	-28	-2	-13	11	cell = 800 to 807
-25	-15	-63	-9	-36	-32	-23	-16	cell = 808 to 815
-42	-22	-34	0	-18	-27	17	-18	cell = 816 to 823
-20	-34	-24	12	-41	-22	1	-3	cell = 824 to 831
15	23	-34	-20	-44	-71	10	6	cell = 832 to 839
-11	33	-47	-25	48	-53	-35	-51	cell = 840 to 847
-7	-29	-21	4	13	0	14	-31	cell = 848 to 855
-51	-34	-36	-53	-54	-30	25	1	cell = 856 to 863
-11	-18	-13	4	-25	2	-44	-27	cell = 864 to 871
-10	14	-15	-21	-2	35	-1	4	cell = 872 to 879
1	-22	-27	-5	-63	-28	2	-29	cell = 880 to 887
-79	6	-3	21	-17	-16	17	21	cell = 888 to 895
12	-55	-32	-52	4	4	-40	-11	cell = 896 to 903
-16	0	-28	-29	-30	-63	-10	48	cell = 904 to 911
-10	22	0	-10	-23	21	6	-58	cell = 912 to 919
3	-23	-12	14	-1	21	-13	-29	cell = 920 to 927
8	-24	-38	-9	-7	14	-8	4	cell = 928 to 935
-12	-21	-7	23	-63	-22	-17	50	cell = 936 to 943
-47	29	3	27	-29	-21	3	-47	cell = 944 to 951
10	-3	22	-32	-10	2	-71	-27	cell = 952 to 959
-49	-40	-3	-4	-62	-28	-61	-24	cell = 960 to 967
-15	32	-56	-47	-33	-14	-30	-31	cell = 968 to 975
-16	-16	7	-12	-20	22	-44	-43	cell = 976 to 983
-45	-21	-4	-42	-41	-2	-22	35	cell = 984 to 991
28	5	-7	27	2	-11	-53	26	cell = 992 to 999
-13	-12	-5	-41	-30	9	-5	-28	cell = 1000 to 1007
-35	-28	-29	-23	-31	-16	30	-4	cell = 1008 to 1015
-45	-10	9	-43	5	-18	-10	-7	cell = 1016 to 1023
Calibration values from cell 0 to 1024 for channel 4:

21	12	44	31	41	-9	64	-10	cell = 0 to 7
81	-4	31	-11	20	27	50	9	cell = 8 to 15
93	2	41	3	38	-13	24	-10	cell = 16 to 23
21	-24	2	32	83	-12	14	-13	cell = 24 to 31
26	17	51	-16	56	48	46	22	cell = 32 to 39
60	21	30	-8	16	-27	35	-3	cell = 40 to 47
48	-2	65	17	75	-39	-8	13	cell = 48 to 55
65	0	26	4	28	-13	5	-54	cell = 56 to 63
77	-29	25	9	39	-45	49	-23	cell = 64 to 71
34	0	54	-51	25	-13	53	26	cell = 72 to 79
30	-38	42	-4	24	-10	22	-12	cell = 80 to 87
63	-42	16	-19	27	-26	43	7	cell = 88 to 95
25	3	81	10	22	-14	89	-26	cell = 96 to 103
53	-6	47	7	22	17	7	0	cell = 104 to 111
37	34	55	-2	27	-31	43	10	cell = 112 to 119
22	-10	53	-2	47	38	41	5	cell = 120 to 127
39	25	70	-7	7	-25	7	23	cell = 128 to 135
23	5	11	-12	57	-17	32	-57	cell = 136 to 143
17	2	30	-12	32	-48	43	-35	cell = 144 to 151
16	26	60	-13	44	6	8	-21	cell = 152 to 159
54	2	12	-15	51	-11	28	-20	cell = 160 to 167
44	15	23	7	72	18	70	35	cell = 168 to 175
55	2	27	32	53	-23	60	-33	cell = 176 to 183
35	-17	-19	-32	96	-51	46	16	cell = 184 to 191
30	-52	30	-17	74	13	70	-13	cell = 192 to 199
38	12	64	-14	34	-21	27	2	cell = 200 to 207
73	-17	44	33	29	-5	37	-13	cell = 208 to 215
0	-34	38	-49	69	-65	42	21	cell = 216 to 223
57	29	29	-50	86	-9	24	28	cell = 224 to 231
72	1	22	55	52	-24	34	-7	cell = 232 to 239
52	-40	53	-32	47	-35	18	-17	cell = 240 to 247
31	12	30	7	41	-10	21	-41	cell = 248 to 255
46	-45	75	-19	36	41	31	-34	cell = 256 to 263
56	-46	19	-9	50	-26	17	-13	cell = 264 to 271
32	-56	10	13	46	26	79	-17	cell = 272 to 279
70	14	-4	3	43	10	74	-9	cell = 280 to 287
72	12	49	14	28	-39	80	27	cell = 288 to 295
79	-17	49	-41	32	28	50	20	cell = 296 to 303
28	-48	50	-11	14	22	27	-10	cell = 304 to 311
46	6	45	2	15	18	29	-22	cell = 312 to 319
22	14	25	8	9	34	48	0	cell = 320 to 327
57	3	51	-4	39	-6	70	-5	cell = 328 to 335
43	7	49	4	41	-14	83	19	cell = 336 to 343
41	-9	40	-46	7	21	29	-13	cell = 344 to 351
21	-17	38	-14	76	-39	30	-49	cell = 352 to 359
49	1	55	0	91	-22	-5	6	cell = 360 to 367
27	-1	45	3	52	21	57	13	cell = 368 to 375
8	12	38	-4	38	-25	27	-36	cell = 376 to 383
79	2	41	9	8	-30	22	40	cell = 384 to 391
57	5	28	10	47	14	22	-5	cell = 392 to 399
66	13	15	17	36	-28	33	-28	cell = 400 to 407
90	-34	36	-1	54	-25	18	-38	cell = 408 to 415
45	19	24	-2	19	-54	30	36	cell = 416 to 423
14	-12	32	-22	2	-9	13	-3	cell = 424 to 431
70	-7	82	1	28	-6	2	18	cell = 432 to 439
52	-22	37	-34	68	-11	14	-22	cell = 440 to 447
16	-34	55	-33	3	-22	64	33	cell = 448 to 455
-3	25	54	-38	85	-36	21	-8	cell = 456 to 463
26	-12	44	0	44	-14	36	45	cell = 464 to 471
22	-9	54	-9	75	-17	30	-53	cell = 472 to 479
40	-73	29	-20	66	5	25	-38	cell = 480 to 487
7	-5	29	-4	55	-8	47	-28	cell = 488 to 495
50	-9	6	-91	-42	-78	-18	-67	cell = 496 to 503
46	-17	45	3	37	46	1	-59	cell = 504 to 511
-1	-19	-66	6	-15	27	-8	-25	cell = 512 to 519
-34	6	-13	16	-33	-21	0	18	cell = 520 to 527
-8	-29	-13	-5	3	-34	5	-32	cell = 528 to 535
-24	-16	-50	-16	-10	-22	-46	10	cell = 536 to 543
-27	1	-6	-40	16	-62	48	-9	cell = 544 to 551
-21	13	19	1	-2	-16	-41	-51	cell = 552 to 559
-45	-44	-34	-38	-27	-3	-65	2	cell = 560 to 567
-61	-9	-63	-4	-51	9	-25	17	cell = 568 to 575
-19	1	-12	22	-24	0	0	-10	cell = 576 to 583
39	-17	-26	2	-15	24	-11	-29	cell = 584 to 591
-32	3	-57	16	-45	-6	-11	-7	cell = 592 to 599
10	-30	-36	1	0	2	-13	-9	cell = 600 to 607
-14	-20	-17	-9	-67	-6	-34	-50	cell = 608 to 615
-24	-14	-51	-29	-8	8	-22	7	cell = 616 to 623
-48	-19	-25	-35	-28	5	-41	-12	cell = 624 to 631
-41	-71	-18	-5	-48	-4	-34	28	cell = 632 to 639
-7	-40	-11	11	8	-27	-15	-14	cell = 640 to 647
-25	16	11	2	-26	25	-14	-1	cell = 648 to 655
-57	8	-5	-10	-29	-13	-38	-28	cell = 656 to 663
25	-29	29	27	14	-2	-22	-6	cell = 664 to 671
-21	-37	-39	-15	-12	-1	1	-13	cell = 672 to 679
-49	14	36	20	-12	13	-4	-18	cell = 680 to 687
-3	16	-56	14	-12	-26	-30	-6	cell = 688 to 695
-47	6	11	-26	-54	-2	8	-17	cell = 696 to 703
-54	-28	-28	2	-29	-20	2	-17	cell = 704 to 711
-15	12	-56	-37	-46	-15	13	-18	cell = 712 to 719
-21	-62	-5	-46	-19	-55	-4	-25	cell = 720 to 727
-50	-4	-15	-17	23	-21	2	-6	cell = 728 to 735
31	9	0	-29	-35	-22	0	2	cell = 736 to 743
-24	-31	-28	-3	10	-36	-21	-12	cell = 744 to 751
-41	14	13	-46	-61	-14	-39	-28	cell = 752 to 759
-8	-19	6	25	16	-7	-28	30	cell = 760 to 767
-20	22	-1	-2	-73	-34	-19	-7	cell = 768 to 775
-24	-21	-26	-28	-44	-5	-33	-10	cell = 776 to 783
-41	24	36	-5	-29	-33	-23	-3	cell = 784 to 791
-43	6	32	-2	-21	-32	37	-33	cell = 792 to 799
-30	-43	-39	-23	-21	-6	-43	-31	cell = 800 to 807
-25	-49	-4	-48	12	-10	-77	4	cell = 808 to 815
18	-28	-30	5	4	-3	19	-16	cell = 816 to 823
-7	23	-38	-1	-17	-17	10	-11	cell = 824 to 831
-20	-21	-50	-41	-28	-19	-45	-7	cell = 832 to 839
-39	-2	-63	-14	0	-25	11	-8	cell = 840 to 847
5	-44	20	0	-27	28	-13	3	cell = 848 to 855
-38	-45	-60	-17	-63	-29	2	-34	cell = 856 to 863
-40	21	-18	-8	-11	-27	6	-3	cell = 864 to 871
-50	-3	-7	36	-7	-45	-15	-17	cell = 872 to 879
-29	0	-5	19	-35	-31	6	-57	cell = 880 to 887
-55	-16	-27	-6	-47	-38	-5	-38	cell = 888 to 895
20	17	12	-27	-16	-8	-31	-46	cell = 896 to 903
-18	-7	0	-33	-17	16	-9	6	cell = 904 to 911
-20	35	1	-27	-15	8	-1	-35	cell = 912 to 919
-19	-8	-21	-10	-64	-44	-22	-49	cell = 920 to 927
9	-17	-67	17	-30	-13	2	-12	cell = 928 to 935
8	-28	24	-11	-53	16	-28	14	cell = 936 to 943
-33	-19	-15	-40	-11	7	-56	-28	cell = 944 to 951
0	-9	-6	-16	-25	-23	-17	48	cell = 952 to 959
0	-21	-30	-65	-21	1	-6	1	cell = 960 to 967
-12	-12	13	0	-16	-21	-33	-26	cell = 968 to 975
-8	-7	-39	-23	-15	-23	-2	-25	cell = 976 to 983
-7	-27	-5	13	-60	21	-32	0	cell = 984 to 991
2	-19	-36	-45	-36	-10	10	-38	cell = 992 to 999
4	-18	-22	-26	-17	12	6	-5	cell = 1000 to 1007
13	-25	0	-32	-49	-29	-65	-24	cell = 1008 to 1015
0	1	-29	-53	-7	-24	-6	-35	cell = 1016 to 1023
Calibration values from cell 0 to 1024 for channel 5:

45	-9	73	-10	44	-46	23	10	cell = 0 to 7
56	14	34	-38	-11	-22	77	-21	cell = 8 to 15
64	48	59	9	76	16	50	31	cell = 16 to 23
57	-7	11	2	56	-10	43	-17	cell = 24 to 31
-1	-21	88	-9	37	-5	-3	15	cell = 32 to 39
47	-15	64	-12	16	-7	45	-27	cell = 40 to 47
-2	-28	48	-39	46	28	49	25	cell = 48 to 55
33	1	74	25	57	2	33	-48	cell = 56 to 63
31	3	52	-36	66	-5	60	-29	cell = 64 to 71
61	-38	19	-29	75	-6	24	3	cell = 72 to 79
26	8	5	-35	34	-20	39	-2	cell = 80 to 87
77	-21	39	-14	70	4	70	-5	cell = 88 to 95
97	26	30	43	43	-21	32	-31	cell = 96 to 103
11	9	48	14	14	-35	24	30	cell = 104 to 111
61	15	24	7	50	28	31	-2	cell = 112 to 119
33	11	6	-7	40	-8	-6	-1	cell = 120 to 127
57	5	57	-18	34	-26	-1	-28	cell = 128 to 135
45	-19	57	-26	21	-37	29	-17	cell = 136 to 143
61	-16	1	-3	49	10	53	35	cell = 144 to 151
31	-44	16	12	10	-15	14	59	cell = 152 to 159
80	-30	11	-24	64	-32	79	-55	cell = 160 to 167
42	5	26	25	18	-14	26	-37	cell = 168 to 175
20	5	39	9	33	25	36	-33	cell = 176 to 183
26	-54	-2	-27	46	-3	21	12	cell = 184 to 191
12	28	36	-18	11	-23	39	-47	cell = 192 to 199
38	-13	27	-39	46	-40	41	-41	cell = 200 to 207
59	-6	0	-15	53	-32	52	-27	cell = 208 to 215
56	-7	41	4	34	-27	46	-3	cell = 216 to 223
21	-15	23	-34	53	18	14	-36	cell = 224 to 231
28	-17	78	-17	-2	-21	74	-36	cell = 232 to 239
74	-2	20	-17	7	-58	24	-1	cell = 240 to 247
61	-31	39	-14	45	-36	49	7	cell = 248 to 255
31	8	46	-11	30	15	43	-26	cell = 256 to 263
55	-55	41	-37	48	-36	66	13	cell = 264 to 271
27	-23	65	29	35	-11	26	-17	cell = 272 to 279
-6	15	34	-2	15	-47	27	10	cell = 280 to 287
28	5	20	-36	39	-14	26	12	cell = 288 to 295
33	-7	56	1	30	2	-8	1	cell = 296 to 303
69	-18	20	-16	63	13	53	0	cell = 304 to 311
37	16	64	-17	59	20	12	2	cell = 312 to 319
78	-18	30	-6	58	-27	61	7	cell = 320 to 327
58	-37	11	-8	27	-4	55	-29	cell = 328 to 335
46	15	17	-24	49	-32	22	23	cell = 336 to 343
1	32	26	-11	50	10	60	-10	cell = 344 to 351
-15	8	79	-37	62	33	15	-5	cell = 352 to 359
38	-41	17	-2	4	-47	42	15	cell = 360 to 367
40	-16	-21	9	63	-15	52	-6	cell = 368 to 375
28	-42	16	-11	29	17	55	6	cell = 376 to 383
72	-39	106	37	48	-8	52	-24	cell = 384 to 391
69	-37	65	3	46	23	74	20	cell = 392 to 399
55	12	6	15	47	23	74	-19	cell = 400 to 407
58	1	-4	14	65	-24	35	18	cell = 408 to 415
16	12	27	-22	69	9	43	12	cell = 416 to 423
37	-35	25	29	97	-29	36	-29	cell = 424 to 431
53	9	51	19	35	28	54	13	cell = 432 to 439
70	-30	40	34	61	-26	20	-23	cell = 440 to 447
49	36	56	-40	23	-22	36	4	cell = 448 to 455
29	-39	63	-50	31	26	59	-28	cell = 456 to 463
84	0	56	-3	67	-3	27	-19	cell = 464 to 471
42	-29	73	1	56	-32	97	-17	cell = 472 to 479
5	0	33	-12	79	-17	47	9	cell = 480 to 487
75	-22	30	-23	25	-4	19	30	cell = 488 to 495
33	-36	9	-86	-23	-84	-29	-101	cell = 496 to 503
70	-22	24	-22	39	20	14	-37	cell = 504 to 511
4	4	-69	24	-46	-7	-5	-35	cell = 512 to 519
-69	-21	22	-31	-1	-2	-32	-23	cell = 520 to 527
14	16	-43	19	-36	-5	33	14	cell = 528 to 535
4	-29	-6	-21	-39	-14	-24	-35	cell = 536 to 543
-33	7	-19	-26	6	-40	28	-62	cell = 544 to 551
7	-38	-26	-25	8	1	-3	-33	cell = 552 to 559
-29	-7	-41	2	16	-9	-7	-3	cell = 560 to 567
-4	6	-33	-31	-22	-22	21	-9	cell = 568 to 575
-19	-2	6	-43	-13	35	-17	7	cell = 576 to 583
-26	-16	-11	-69	2	-16	-12	-3	cell = 584 to 591
-13	-15	-20	-10	-9	-9	-13	-22	cell = 592 to 599
21	-33	-10	12	7	-35	-21	-11	cell = 600 to 607
-35	2	-9	-7	-34	9	-14	0	cell = 608 to 615
-4	-7	-22	-5	-2	0	0	-22	cell = 616 to 623
-45	-21	-11	2	-10	13	-30	-2	cell = 624 to 631
11	-40	-31	-42	-51	13	-16	-34	cell = 632 to 639
3	-20	-8	-21	-28	2	-40	-5	cell = 640 to 647
-7	-32	-7	-6	0	7	-27	6	cell = 648 to 655
-54	-10	13	-29	1	9	17	8	cell = 656 to 663
-60	22	-48	-2	32	-40	-5	7	cell = 664 to 671
-51	-13	-37	5	-46	-10	-3	-10	cell = 672 to 679
-20	-7	-50	-17	-40	-35	-58	2	cell = 680 to 687
16	-20	-39	-57	-33	-11	-38	-7	cell = 688 to 695
-15	-26	-21	-59	28	-23	6	-32	cell = 696 to 703
-34	-11	0	-15	-10	-18	-4	12	cell = 704 to 711
-22	-42	-63	2	-12	6	-33	-5	cell = 712 to 719
-60	-18	-18	-34	3	-29	-47	-38	cell = 720 to 727
-15	0	-42	-22	-42	-29	-26	-3	cell = 728 to 735
-32	-47	-5	-37	-37	-48	-52	-7	cell = 736 to 743
-8	-20	20	23	-36	7	-47	18	cell = 744 to 751
-42	-28	7	-50	-12	9	-50	44	cell = 752 to 759
3	15	18	-54	-29	-14	-6	-7	cell = 760 to 767
3	29	10	16	15	6	6	-43	cell = 768 to 775
-26	-47	-52	6	-41	-27	-7	-20	cell = 776 to 783
-22	2	-2	-45	-41	3	-1	20	cell = 784 to 791
-23	-27	-17	-5	-43	-26	-30	4	cell = 792 to 799
-12	-8	-36	9	3	-28	3	-14	cell = 800 to 807
-24	-30	-10	-16	4	-46	-42	-18	cell = 808 to 815
-14	-22	-22	-35	18	-49	-19	1	cell = 816 to 823
-22	-31	-48	-10	-32	40	-50	21	cell = 824 to 831
4	10	-18	-14	6	22	-16	-64	cell = 832 to 839
-23	-27	-43	-24	-5	-21	-57	-17	cell = 840 to 847
-16	-36	-56	-1	14	-50	-18	-9	cell = 848 to 855
-21	-2	-2	-4	-27	-11	-7	-5	cell = 856 to 863
14	-18	-13	-39	-10	1	12	-64	cell = 864 to 871
5	-30	-30	6	-3	10	-4	24	cell = 872 to 879
-27	13	1	-5	21	-33	31	-42	cell = 880 to 887
-8	-14	-37	-43	0	0	-21	-21	cell = 888 to 895
-43	-21	20	15	-15	7	-27	-29	cell = 896 to 903
36	-47	24	-24	-10	-26	-67	10	cell = 904 to 911
0	0	-26	-28	-40	-2	-19	1	cell = 912 to 919
-3	-22	-35	-30	8	26	4	18	cell = 920 to 927
-25	-26	-36	22	7	-56	-73	-23	cell = 928 to 935
-8	-26	23	-7	-54	27	-20	14	cell = 936 to 943
0	-47	-12	-14	-18	-1	-38	-12	cell = 944 to 951
-37	6	-13	-24	-27	10	3	-56	cell = 952 to 959
-38	-30	16	3	3	-29	-41	-47	cell = 960 to 967
-42	-22	-10	-5	-8	-6	-9	-59	cell = 968 to 975
11	-3	-6	-51	-31	5	0	-12	cell = 976 to 983
-10	6	-18	-13	-41	-24	-16	-30	cell = 984 to 991
-27	28	-20	10	6	-36	-29	-41	cell = 992 to 999
-16	-3	-12	-52	-2	-2	-20	-17	cell = 1000 to 1007
-32	-26	19	-31	12	26	-48	-45	cell = 1008 to 1015
-6	-52	-50	-20	-4	5	-19	-13	cell = 1016 to 1023
Calibration values from cell 0 to 1024 for channel 6:

41	-38	45	-43	12	-26	20	4	cell = 0 to 7
21	-4	35	-27	52	5	48	6	cell = 8 to 15
40	-34	38	-7	34	-39	37	18	cell = 16 to 23
24	-11	29	-9	34	-31	21	-21	cell = 24 to 31
30	-24	63	-19	8	6	51	7	cell = 32 to 39
39	-27	64	-42	47	10	13	-28	cell = 40 to 47
38	-15	97	1	27	-28	23	-36	cell = 48 to 55
65	-42	5	-13	53	42	3	-28	cell = 56 to 63
32	9	37	22	28	3	89	-20	cell = 64 to 71
55	-7	84	-3	54	-17	54	-15	cell = 72 to 79
21	-16	87	17	69	-11	35	-34	cell = 80 to 87
56	-34	38	12	42	-31	53	-18	cell = 88 to 95
44	-27	12	30	34	-28	61	-7	cell = 96 to 103
21	7	16	-3	73	24	73	-29	cell = 104 to 111
32	-34	47	-42	21	9	35	-40	cell = 112 to 119
5	6	49	1	26	13	25	-7	cell = 120 to 127
37	9	24	-6	33	-19	30	-5	cell = 128 to 135
21	-12	59	-14	75	-17	74	-10	cell = 136 to 143
88	16	81	-16	17	15	16	-22	cell = 144 to 151
63	-43	43	-32	77	-31	58	-1	cell = 152 to 159
103	-7	63	-23	39	-18	-9	-14	cell = 160 to 167
14	21	54	-27	15	3	46	-2	cell = 168 to 175
19	1	21	17	53	0	56	6	cell = 176 to 183
-23	-5	57	-8	42	-16	39	-14	cell = 184 to 191
51	5	44	-32	59	-11	3	49	cell = 192 to 199
34	1	13	1	7	-48	63	-13	cell = 200 to 207
40	20	1	12	44	-48	8	-31	cell = 208 to 215
20	-20	48	4	0	-27	22	-24	cell = 216 to 223
71	-24	-18	15	5	16	10	-18	cell = 224 to 231
15	-29	33	-13	6	-30	46	-6	cell = 232 to 239
51	-6	63	-7	37	-18	61	-4	cell = 240 to 247
51	3	41	-3	19	21	19	3	cell = 248 to 255
11	20	60	-7	37	11	18	-19	cell = 256 to 263
17	1	20	-22	20	-4	25	7	cell = 264 to 271
50	-12	37	-24	41	-6	32	-11	cell = 272 to 279
18	-33	-10	-2	58	-35	29	20	cell = 280 to 287
28	-11	53	-9	54	-25	55	-24	cell = 288 to 295
18	-21	19	-24	47	-3	31	-19	cell = 296 to 303
33	-21	51	1	73	-21	41	-44	cell = 304 to 311
53	31	68	22	45	1	83	7	cell = 312 to 319
11	-31	30	-11	0	-21	15	3	cell = 320 to 327
31	-42	38	-4	28	-9	68	2	cell = 328 to 335
50	32	80	2	47	-1	62	-29	cell = 336 to 343
70	46	51	10	36	-23	59	30	cell = 344 to 351
53	-23	30	-29	44	-2	47	-7	cell = 352 to 359
49	-14	84	4	32	-38	26	-18	cell = 360 to 367
36	15	68	17	28	-36	76	19	cell = 368 to 375
27	-7	76	-8	69	-28	26	-7	cell = 376 to 383
22	12	57	-34	31	21	13	16	cell = 384 to 391
45	8	52	-18	31	-6	46	-5	cell = 392 to 399
35	-24	42	15	35	39	21	-24	cell = 400 to 407
19	-64	30	-14	40	-33	62	-14	cell = 408 to 415
78	13	36	13	12	5	70	15	cell = 416 to 423
43	23	-20	7	35	25	46	11	cell = 424 to 431
17	-19	3	14	55	-38	63	-21	cell = 432 to 439
9	-11	12	-59	42	-11	50	-20	cell = 440 to 447
63	4	-4	-34	5	-22	29	-11	cell = 448 to 455
47	-29	5	17	34	-11	37	-49	cell = 456 to 463
33	-26	67	-5	53	-27	39	20	cell = 464 to 471
39	-14	55	40	6	-3	18	-17	cell = 472 to 479
11	7	65	-12	45	-29	26	-32	cell = 480 to 487
68	-7	71	9	28	-18	29	23	cell = 488 to 495
47	38	58	-71	26	-95	-50	-67	cell = 496 to 503
52	-6	19	21	29	-6	29	36	cell = 504 to 511
-34	-19	22	-12	-43	-14	0	-22	cell = 512 to 519
-25	-30	-27	-50	-32	8	-15	-1	cell = 520 to 527
-17	-11	-16	-83	-50	-28	-45	11	cell = 528 to 535
-9	-52	-21	-32	-37	13	12	-33	cell = 536 to 543
22	-30	-42	-46	-33	-20	-2	14	cell = 544 to 551
31	22	-23	-36	66	12	-29	10	cell = 552 to 559
-36	-67	25	13	-28	-31	-45	-15	cell = 560 to 567
-66	-4	9	0	-23	8	-34	12	cell = 568 to 575
-33	-6	-7	15	4	0	25	-6	cell = 576 to 583
5	27	-48	3	-22	-35	3	-10	cell = 584 to 591
-19	-9	-31	17	-7	-12	-35	3	cell = 592 to 599
-10	3	-17	19	-12	-26	-30	-32	cell = 600 to 607
-70	-34	-56	-18	-41	-21	-2	-50	cell = 608 to 615
-59	-15	-26	-32	-28	15	-23	-26	cell = 616 to 623
-23	11	-52	-35	-28	2	-35	-13	cell = 624 to 631
5	52	-17	11	0	-32	24	-21	cell = 632 to 639
-37	-19	-14	-40	-36	-11	-56	6	cell = 640 to 647
-46	23	28	-2	-10	-28	-20	-22	cell = 648 to 655
25	-20	10	-17	-38	29	-12	9	cell = 656 to 663
2	-13	-11	-15	-35	-3	-36	-28	cell = 664 to 671
-14	-8	-24	9	-25	0	-11	-45	cell = 672 to 679
-30	10	-2	24	-1	-20	-6	-4	cell = 680 to 687
-36	17	-13	3	-48	-29	-3	13	cell = 688 to 695
19	-45	-6	-12	-41	-16	-28	-3	cell = 696 to 703
-6	-24	-29	-20	-3	-25	-22	-11	cell = 704 to 711
8	-18	9	11	-22	-11	-74	16	cell = 712 to 719
14	-34	-25	-12	-52	15	-10	-39	cell = 720 to 727
-4	14	29	-28	-20	-18	-27	-13	cell = 728 to 735
-34	37	-8	-9	-4	-31	-4	10	cell = 736 to 743
-58	19	-23	-4	-10	-15	-27	-12	cell = 744 to 751
-18	10	-36	-23	-35	25	7	-2	cell = 752 to 759
-34	-17	-1	-24	-63	-53	-33	-11	cell = 760 to 767
2	4	0	-6	-40	0	-44	-1	cell = 768 to 775
-26	-28	-27	-2	-9	0	0	-34	cell = 776 to 783
26	-10	-7	-14	0	-28	-39	0	cell = 784 to 791
-13	7	-31	-32	0	-25	14	4	cell = 792 to 799
-36	-67	-15	-17	-30	-6	-29	-17	cell = 800 to 807
-11	-23	-46	-26	-12	-13	-20	-16	cell = 808 to 815
12	-5	-4	6	-37	-1	-4	-39	cell = 816 to 823
7	-28	-11	-24	9	-17	16	-2	cell = 824 to 831
-59	23	-16	-12	14	0	-31	11	cell = 832 to 839
-16	18	14	19	-42	-2	-14	-1	cell = 840 to 847
-31	-36	-16	-47	-28	-60	8	12	cell = 848 to 855
-18	-37	-26	-4	0	0	-26	-28	cell = 856 to 863
-14	-9	-47	2	9	-20	-20	-15	cell = 864 to 871
-22	33	9	-24	-39	17	1	20	cell = 872 to 879
-8	6	-8	22	10	-31	-31	0	cell = 880 to 887
-11	-37	10	4	-2	24	23	4	cell = 888 to 895
-37	-40	-17	-16	-31	-48	-19	0	cell = 896 to 903
-22	-19	-36	-26	-61	-10	-22	-41	cell = 904 to 911
-23	-13	-10	-7	2	-17	-39	-37	cell = 912 to 919
-35	-18	-6	-36	19	-8	1	-15	cell = 920 to 927
-35	-19	-13	-18	-19	-11	-25	-31	cell = 928 to 935
20	-29	-4	-20	21	-8	-14	-69	cell = 936 to 943
3	6	-58	-22	32	-20	-15	4	cell = 944 to 951
1	-8	12	4	-38	44	-18	2	cell = 952 to 959
-18	-54	17	-18	6	-8	-4	14	cell = 960 to 967
-15	-14	-2	-9	24	-19	-38	46	cell = 968 to 975
-57	-18	15	-33	-23	-18	-27	-37	cell = 976 to 983
-62	8	-41	-25	-10	-40	-43	-13	cell = 984 to 991
-13	-36	-40	-71	-24	-12	-48	-10	cell = 992 to 999
28	0	-1	-52	-44	2	-19	14	cell = 1000 to 1007
11	-13	-10	-50	-2	-42	-39	-52	cell = 1008 to 1015
14	-47	1	-2	-10	-19	-25	-9	cell = 1016 to 1023
Calibration values from cell 0 to 1024 for channel 7:

30	-18	59	-27	14	-41	19	9	cell = 0 to 7
39	-6	8	7	35	17	49	30	cell = 8 to 15
38	4	17	26	47	-39	41	16	cell = 16 to 23
73	-59	38	9	30	8	59	-19	cell = 24 to 31
37	-8	52	-4	31	-29	42	14	cell = 32 to 39
48	60	34	20	14	4	76	-34	cell = 40 to 47
60	28	28	-5	31	-28	47	8	cell = 48 to 55
15	-46	-32	-26	49	-3	34	-75	cell = 56 to 63
34	-28	62	-15	26	-25	61	11	cell = 64 to 71
36	-6	61	9	4	-5	54	31	cell = 72 to 79
40	-17	58	-18	80	0	53	-20	cell = 80 to 87
66	-11	32	-44	8	-2	48	-7	cell = 88 to 95
-16	-13	14	-7	42	-16	61	-11	cell = 96 to 103
31	-5	32	-7	43	-22	46	-8	cell = 104 to 111
53	-22	18	-50	47	-16	49	-17	cell = 112 to 119
28	-24	18	-46	39	-31	17	1	cell = 120 to 127
56	19	31	-10	5	-24	87	-34	cell = 128 to 135
39	3	51	-5	38	-15	19	7	cell = 136 to 143
42	-5	75	7	70	-36	26	-28	cell = 144 to 151
34	37	7	4	69	-7	46	-10	cell = 152 to 159
26	-10	77	-24	21	-27	26	0	cell = 160 to 167
53	-31	34	1	38	-3	43	-18	cell = 168 to 175
79	-16	9	-26	84	-19	-6	21	cell = 176 to 183
46	-38	36	-12	26	-2	26	-11	cell = 184 to 191
49	-27	34	-11	11	-6	12	-1	cell = 192 to 199
57	-14	22	3	22	-9	40	-34	cell = 200 to 207
60	-32	-12	-26	7	22	26	13	cell = 208 to 215
47	0	15	27	40	-17	54	-56	cell = 216 to 223
57	-11	46	21	60	-32	39	-2	cell = 224 to 231
50	-11	52	-19	48	-20	29	-25	cell = 232 to 239
16	36	28	-9	17	12	32	24	cell = 240 to 247
42	2	56	4	7	-37	22	29	cell = 248 to 255
19	-31	18	-16	50	-27	41	2	cell = 256 to 263
9	-2	57	-28	16	-6	71	-6	cell = 264 to 271
38	-27	16	19	57	-17	23	27	cell = 272 to 279
38	-39	44	12	42	13	11	-49	cell = 280 to 287
29	-20	5	-26	105	-17	71	27	cell = 288 to 295
35	-13	43	-9	76	-13	19	-28	cell = 296 to 303
63	3	56	-33	27	4	40	-53	cell = 304 to 311
35	15	29	-32	45	5	48	-6	cell = 312 to 319
71	-11	21	13	22	-6	11	-27	cell = 320 to 327
40	-5	53	-34	29	6	80	-38	cell = 328 to 335
33	17	46	36	84	-10	33	16	cell = 336 to 343
66	11	19	-40	78	14	43	-17	cell = 344 to 351
31	-26	32	-6	47	-44	53	-28	cell = 352 to 359
36	-20	7	-8	79	-12	40	-13	cell = 360 to 367
33	27	63	-25	51	14	39	-2	cell = 368 to 375
52	-38	13	-30	88	-17	10	8	cell = 376 to 383
81	-31	27	-9	12	-70	-10	-42	cell = 384 to 391
26	19	2	-34	15	11	45	17	cell = 392 to 399
27	-29	74	14	66	-20	77	-11	cell = 400 to 407
10	-53	36	-21	31	21	53	-38	cell = 408 to 415
-26	-5	86	-21	46	-11	82	31	cell = 416 to 423
34	56	37	-25	25	22	35	23	cell = 424 to 431
44	-4	55	-13	74	-8	82	6	cell = 432 to 439
35	27	15	-8	81	-27	27	12	cell = 440 to 447
87	4	52	-1	75	-26	9	-26	cell = 448 to 455
31	-11	48	-10	26	-51	55	-4	cell = 456 to 463
10	17	23	-9	34	-10	42	26	cell = 464 to 471
68	50	16	0	45	-21	26	-15	cell = 472 to 479
38	-21	51	3	30	-19	33	-6	cell = 480 to 487
34	-39	21	-4	40	33	51	-10	cell = 488 to 495
47	-29	-28	-51	-53	-101	-19	-72	cell = 496 to 503
36	1	35	3	45	-19	41	14	cell = 504 to 511
-28	17	-4	-21	-12	18	-39	-47	cell = 512 to 519
10	29	-58	-20	-11	3	-12	-13	cell = 520 to 527
-41	3	-16	12	28	-30	-31	19	cell = 528 to 535
1	11	-27	-15	-20	-19	6	-34	cell = 536 to 543
-31	4	-23	-38	31	-30	-18	-21	cell = 544 to 551
-39	39	-16	-17	14	-22	22	-49	cell = 552 to 559
-23	-34	-16	-33	-21	-46	-61	-22	cell = 560 to 567
16	-19	-48	-12	7	-8	29	1	cell = 568 to 575
13	-13	-32	-18	-26	-54	-46	4	cell = 576 to 583
-42	-15	-8	-36	-20	-16	-11	-34	cell = 584 to 591
-5	-21	-18	-9	-6	5	22	-30	cell = 592 to 599
-28	-7	-2	-43	-14	-31	19	0	cell = 600 to 607
-26	5	-28	-27	-32	-3	-12	-11	cell = 608 to 615
-28	-19	-29	17	5	-14	-34	23	cell = 616 to 623
13	-22	-7	-22	-3	-31	9	9	cell = 624 to 631
11	-9	-27	-16	15	21	4	-13	cell = 632 to 639
-18	9	-31	18	13	-45	-4	11	cell = 640 to 647
-31	5	-9	37	-17	-11	-16	-22	cell = 648 to 655
0	-9	-38	-24	-45	-17	-30	-27	cell = 656 to 663
-21	3	-22	-17	24	-35	-47	27	cell = 664 to 671
-11	-26	-33	-20	16	-38	-31	-8	cell = 672 to 679
-23	-10	-51	-8	-3	-43	-9	-27	cell = 680 to 687
-25	59	-3	-7	-18	-15	-28	-33	cell = 688 to 695
7	-16	-2	-32	-8	-47	-33	-8	cell = 696 to 703
22	7	-26	9	-1	-1	16	-35	cell = 704 to 711
-69	30	16	-27	-12	-2	6	-35	cell = 712 to 719
5	33	1	-37	7	-13	-47	-5	cell = 720 to 727
-62	-12	-48	-7	10	-21	-29	-58	cell = 728 to 735
-48	-23	-38	-17	-37	-2	14	8	cell = 736 to 743
-23	-42	-32	0	-55	8	3	17	cell = 744 to 751
-27	9	-29	-6	5	-47	-9	-14	cell = 752 to 759
-22	-59	11	-24	-50	-17	-27	-53	cell = 760 to 767
-10	-14	-80	-39	-6	-2	-17	1	cell = 768 to 775
-5	-25	-7	-45	14	-1	-25	8	cell = 776 to 783
-60	12	-28	-6	-15	-23	-53	-39	cell = 784 to 791
-23	25	-41	-58	-28	-17	-9	-49	cell = 792 to 799
-14	-27	15	-37	-51	20	-28	-21	cell = 800 to 807
17	-47	-33	-13	-11	-63	-8	-32	cell = 808 to 815
-9	-38	-49	12	8	-37	13	-10	cell = 816 to 823
-23	-33	-14	-21	-18	-17	-54	-15	cell = 824 to 831
31	32	-27	-11	-34	6	-22	-9	cell = 832 to 839
6	-14	-26	-18	-29	-24	-10	-2	cell = 840 to 847
-18	46	13	19	-32	1	-65	21	cell = 848 to 855
-45	5	-16	-29	-3	-17	-8	4	cell = 856 to 863
-36	-14	-31	19	-38	-5	-51	-24	cell = 864 to 871
12	-20	-37	20	-47	15	-14	31	cell = 872 to 879
26	-30	-18	-16	-41	17	-12	5	cell = 880 to 887
-18	-25	-17	-44	-65	-15	-11	-21	cell = 888 to 895
5	-27	-25	-29	3	27	-27	-2	cell = 896 to 903
-25	-15	-4	-39	-18	22	7	30	cell = 904 to 911
-30	-19	-2	-12	-12	12	-21	11	cell = 912 to 919
-18	7	13	-7	-58	-20	6	-59	cell = 920 to 927
21	-12	-2	-15	5	-2	9	-7	cell = 928 to 935
-32	-7	-13	-11	6	-40	-17	-7	cell = 936 to 943
-31	-36	-34	27	-42	-22	-18	-10	cell = 944 to 951
-37	-10	-10	-24	-51	-69	20	-8	cell = 952 to 959
-38	-6	25	-54	-16	-11	5	-33	cell = 960 to 967
4	-2	13	-12	-4	6	-20	1	cell = 968 to 975
0	19	-7	16	0	-22	-16	7	cell = 976 to 983
-16	-14	-36	18	-56	-7	-2	14	cell = 984 to 991
-32	0	-26	-35	-24	-8	-50	38	cell = 992 to 999
-15	-42	-40	28	11	-39	-2	3	cell = 1000 to 1007
-26	14	-34	-70	-20	-2	-11	6	cell = 1008 to 1015
14	-38	-67	4	-4	-38	-10	18	cell = 1016 to 1023
Calibration values from cell 0 to 1024 for channel 8:

31	21	58	56	22	-3	38	7	cell = 0 to 7
19	7	30	-15	-5	-28	49	5	cell = 8 to 15
45	20	74	-8	19	-16	15	-13	cell = 16 to 23
30	7	17	-17	9	-37	15	39	cell = 24 to 31
22	-41	81	-5	55	-5	39	-16	cell = 32 to 39
17	-11	20	-29	56	0	35	-18	cell = 40 to 47
58	11	69	-43	56	-34	38	5	cell = 48 to 55
17	-9	44	-20	41	5	51	-9	cell = 56 to 63
20	-22	35	9	9	10	34	5	cell = 64 to 71
61	-25	58	-56	77	-16	13	-9	cell = 72 to 79
6	-9	70	-24	84	33	81	-11	cell = 80 to 87
19	-13	69	27	29	-3	68	40	cell = 88 to 95
77	5	25	-17	78	-5	43	9	cell = 96 to 103
83	4	13	16	67	-29	64	-15	cell = 104 to 111
57	-35	28	23	47	17	40	-39	cell = 112 to 119
-16	-18	25	11	24	-33	74	-45	cell = 120 to 127
55	15	8	-12	12	-24	25	-17	cell = 128 to 135
35	26	40	-33	40	-6	25	-21	cell = 136 to 143
3	-27	65	44	39	-33	21	-29	cell = 144 to 151
-5	4	80	-20	67	2	34	-9	cell = 152 to 159
37	18	10	-7	96	-5	55	9	cell = 160 to 167
72	19	65	-8	34	-29	90	3	cell = 168 to 175
38	-59	65	-30	26	-45	85	19	cell = 176 to 183
55	4	57	1	20	-52	18	-31	cell = 184 to 191
15	-21	12	-24	34	-12	29	-11	cell = 192 to 199
37	-17	22	0	34	-54	77	19	cell = 200 to 207
23	-45	28	-18	96	-1	29	-17	cell = 208 to 215
14	19	57	2	11	-13	79	-19	cell = 216 to 223
41	41	31	15	68	14	44	-19	cell = 224 to 231
50	14	35	-2	97	2	75	-4	cell = 232 to 239
94	46	19	-28	89	-16	18	-10	cell = 240 to 247
49	12	11	6	86	-34	42	-22	cell = 248 to 255
23	-6	72	27	53	-13	71	-15	cell = 256 to 263
9	39	118	24	81	11	32	17	cell = 264 to 271
11	-41	60	-14	33	13	24	-27	cell = 272 to 279
63	30	27	-34	40	-27	75	13	cell = 280 to 287
56	-4	63	-6	55	-27	10	-13	cell = 288 to 295
26	-39	40	5	48	-43	9	-6	cell = 296 to 303
33	-25	9	-31	28	0	57	-5	cell = 304 to 311
12	-4	25	-4	30	-14	67	-43	cell = 312 to 319
16	20	49	10	62	5	42	34	cell = 320 to 327
50	4	39	1	49	-15	38	-23	cell = 328 to 335
34	-11	40	-26	46	-8	24	0	cell = 336 to 343
61	33	-14	-39	53	-11	22	-11	cell = 344 to 351
47	-10	36	9	82	-23	51	14	cell = 352 to 359
54	-13	25	3	32	-12	2	-12	cell = 360 to 367
62	-6	18	6	32	41	10	24	cell = 368 to 375
66	17	46	-17	53	7	50	-2	cell = 376 to 383
29	32	17	6	13	-44	19	-12	cell = 384 to 391
30	21	34	-3	15	-30	35	-12	cell = 392 to 399
45	-28	20	-38	59	25	25	9	cell = 400 to 407
32	0	19	3	10	-4	22	3	cell = 408 to 415
47	-17	64	-16	22	-8	38	6	cell = 416 to 423
41	-18	55	-6	31	14	-9	5	cell = 424 to 431
28	-2	51	-18	71	-21	35	43	cell = 432 to 439
27	24	48	-22	81	-21	69	7	cell = 440 to 447
42	26	12	-1	22	-18	63	-43	cell = 448 to 455
47	-22	73	-28	66	5	38	-7	cell = 456 to 463
66	-9	75	2	58	-3	61	19	cell = 464 to 471
37	-36	64	23	5	-16	8	-20	cell = 472 to 479
36	17	28	-34	69	-9	71	-10	cell = 480 to 487
50	-17	25	-3	21	-5	24	28	cell = 488 to 495
76	-43	-25	-109	-8	-66	-43	-83	cell = 496 to 503
42	-16	24	-23	38	9	0	-7	cell = 504 to 511
-23	-32	-7	-29	-57	-12	-26	-76	cell = 512 to 519
35	-23	-14	-51	-35	-15	19	21	cell = 520 to 527
18	-36	-43	4	0	24	-32	-6	cell = 528 to 535
31	1	11	-35	-5	-19	-3	2	cell = 536 to 543
20	-33	-29	6	-65	36	-46	-23	cell = 544 to 551
-27	-13	-16	11	-48	-24	-18	-7	cell = 552 to 559
-9	-24	-16	18	12	-62	-68	-43	cell = 560 to 567
-20	-7	-53	0	16	11	-35	-15	cell = 568 to 575
23	-6	-19	-46	-21	-15	-21	30	cell = 576 to 583
-73	-4	-25	-5	-40	35	-20	-46	cell = 584 to 591
-10	-12	-43	-22	-27	-40	1	-62	cell = 592 to 599
10	-17	-24	34	2	-36	-23	-21	cell = 600 to 607
11	44	-5	8	-8	-28	1	-55	cell = 608 to 615
-79	17	-39	32	-9	-33	-5	-13	cell = 616 to 623
-28	-19	-65	-11	-15	-14	-2	21	cell = 624 to 631
-31	-24	-28	-54	14	1	-28	-16	cell = 632 to 639
-37	-42	5	-42	19	7	-53	-24	cell = 640 to 647
1	-34	-7	-43	-30	-24	-4	-42	cell = 648 to 655
-21	-22	-14	-3	-16	-39	27	-48	cell = 656 to 663
-48	-34	-66	-21	-23	18	-28	12	cell = 664 to 671
-22	11	-41	-43	-15	-4	-13	-56	cell = 672 to 679
-36	-54	6	-48	-7	-23	-8	-11	cell = 680 to 687
-18	-28	14	9	-36	-45	-19	-14	cell = 688 to 695
-58	6	-31	-17	-52	-18	-47	7	cell = 696 to 703
10	14	-34	-2	-25	-29	-12	-13	cell = 704 to 711
-28	18	-50	-20	-32	-6	-62	-31	cell = 712 to 719
-46	18	-11	-28	-19	4	43	-57	cell = 720 to 727
-5	-63	-18	-9	-31	39	-31	-10	cell = 728 to 735
-46	9	7	-25	-18	20	-19	-51	cell = 736 to 743
-43	-4	5	12	8	18	9	-2	cell = 744 to 751
-44	26	-40	-27	-16	-9	-70	2	cell = 752 to 759
-23	-10	-43	-43	-38	1	30	18	cell = 760 to 767
-6	12	-56	-17	-12	-13	16	-8	cell = 768 to 775
-8	-13	-47	-55	-10	7	-23	-36	cell = 776 to 783
-58	-32	-39	-55	1	3	-41	-22	cell = 784 to 791
-55	6	-15	-7	-43	-29	-1	-39	cell = 792 to 799
-59	-18	8	-25	-29	11	-17	-60	cell = 800 to 807
-26	-23	-50	-37	-30	-35	-3	7	cell = 808 to 815
-22	-4	-48	-9	-33	8	-39	16	cell = 816 to 823
-31	-16	-18	-45	-21	-6	-33	-20	cell = 824 to 831
-32	-31	7	-24	-13	-41	-51	-7	cell = 832 to 839
-9	-29	-32	-9	-1	-16	-39	-10	cell = 840 to 847
-7	-21	-68	-26	19	11	-16	-8	cell = 848 to 855
10	-13	-54	-38	-15	-39	-20	2	cell = 856 to 863
-27	-35	1	28	-26	-45	-36	-39	cell = 864 to 871
-44	-18	3	-31	-21	-31	-59	10	cell = 872 to 879
-12	-29	-28	10	-5	47	-35	-36	cell = 880 to 887
-57	2	-34	-8	3	-7	-44	22	cell = 888 to 895
-15	-35	-27	-38	-47	-44	-63	4	cell = 896 to 903
14	-35	-10	-8	-27	62	14	-7	cell = 904 to 911
-49	28	-20	-19	-18	-59	-22	-5	cell = 912 to 919
3	19	-11	0	-27	38	-56	-14	cell = 920 to 927
-34	18	-28	2	-3	34	8	-39	cell = 928 to 935
30	21	-38	-20	-12	-6	-52	-32	cell = 936 to 943
5	3	-16	-30	-7	20	31	-15	cell = 944 to 951
-41	-45	-33	-10	-25	-4	-11	-8	cell = 952 to 959
-6	22	18	-57	15	-29	56	-80	cell = 960 to 967
-16	-3	15	-6	22	-17	0	-5	cell = 968 to 975
-2	-18	7	12	19	-6	33	-52	cell = 976 to 983
-23	-15	-23	-8	-29	16	-54	-9	cell = 984 to 991
-21	-3	38	-6	-16	-43	2	3	cell = 992 to 999
-15	-15	-29	11	2	2	-17	-8	cell = 1000 to 1007
12	-35	-9	-44	-28	-17	-12	-18	cell = 1008 to 1015
23	6	-30	-1	-23	-83	-32	-19	cell = 1016 to 1023
