Calibration values from cell 0 to 1024 for channel 0:

61	31	32	35	57	-10	8	-8	cell = 0 to 7
25	-45	25	-31	32	-19	30	17	cell = 8 to 15
78	-26	44	-25	60	-17	60	25	cell = 16 to 23
22	-31	63	29	48	-32	30	-34	cell = 24 to 31
52	-25	48	4	50	-24	4	-12	cell = 32 to 39
104	-18	35	-17	31	-32	2	-57	cell = 40 to 47
17	7	28	11	43	-26	37	-54	cell = 48 to 55
91	-22	43	9	69	-15	50	-5	cell = 56 to 63
48	-27	46	-12	85	-28	14	11	cell = 64 to 71
115	7	22	-6	33	-23	51	-26	cell = 72 to 79
37	24	9	0	49	2	44	27	cell = 80 to 87
58	-11	54	-30	27	-48	60	-18	cell = 88 to 95
88	-53	40	-14	59	-26	38	-38	cell = 96 to 103
44	-17	42	21	62	7	60	6	cell = 104 to 111
88	-12	56	-26	23	-26	40	28	cell = 112 to 119
26	-8	34	-26	39	39	46	0	cell = 120 to 127
31	0	68	-30	55	-21	48	-12	cell = 128 to 135
38	17	37	-5	42	-7	70	-5	cell = 136 to 143
62	-17	0	-10	19	-1	12	-13	cell = 144 to 151
24	17	55	-29	35	24	62	-5	cell = 152 to 159
26	-4	37	9	56	-39	58	-16	cell = 160 to 167
38	0	13	27	44	1	55	15	cell = 168 to 175
46	10	12	-22	27	-18	35	-16	cell = 176 to 183
61	15	46	-31	-6	-6	7	-9	cell = 184 to 191
60	-18	26	18	53	19	38	-28	cell = 192 to 199
12	7	78	-12	57	-14	27	3	cell = 200 to 207
42	-16	11	-2	30	-8	20	-2	cell = 208 to 215
64	-14	71	-16	43	25	70	-11	cell = 216 to 223
33	-22	72	7	33	-3	12	15	cell = 224 to 231
72	-4	18	13	61	25	57	-35	cell = 232 to 239
53	-32	34	-20	38	-6	42	-4	cell = 240 to 247
114	-2	34	-61	43	-9	-12	-64	cell = 248 to 255
76	-49	39	-20	35	-32	39	0	cell = 256 to 263
79	5	27	-16	30	17	75	-48	cell = 264 to 271
55	-4	46	5	16	20	36	28	cell = 272 to 279
69	-10	54	40	38	-29	1	-11	cell = 280 to 287
54	-4	-8	-21	37	-24	18	-7	cell = 288 to 295
28	-20	88	-23	71	-26	49	-44	cell = 296 to 303
-3	-12	10	-73	48	-35	2	5	cell = 304 to 311
58	-46	48	-8	32	-25	49	24	cell = 312 to 319
85	-11	44	28	38	-2	20	-11	cell = 320 to 327
38	-4	35	-40	17	7	63	0	cell = 328 to 335
31	-26	29	28	54	6	6	-26	cell = 336 to 343
73	1	23	-2	4	17	29	22	cell = 344 to 351
46	12	56	-29	73	2	38	-22	cell = 352 to 359
70	31	21	1	65	1	38	-41	cell = 360 to 367
48	-41	39	44	57	-31	9	-19	cell = 368 to 375
29	13	71	2	62	-35	41	-19	cell = 376 to 383
59	-12	49	17	46	-25	19	26	cell = 384 to 391
14	-8	35	2	49	-28	35	-18	cell = 392 to 399
9	-12	34	-30	47	-18	35	10	cell = 400 to 407
60	-20	48	1	23	5	73	-27	cell = 408 to 415
48	-13	48	-14	52	-27	31	-7	cell = 416 to 423
33	12	40	-7	42	10	11	-15	cell = 424 to 431
58	-18	8	-3	53	-25	4	-10	cell = 432 to 439
79	-25	31	6	-16	-13	69	-22	cell = 440 to 447
51	16	69	-3	-16	-19	70	-31	cell = 448 to 455
-2	-4	77	-25	24	-7	42	21	cell = 456 to 463
29	-26	35	-14	50	-8	13	-26	cell = 464 to 471
66	19	24	-5	44	-5	11	0	cell = 472 to 479
72	-12	79	14	17	-12	59	31	cell = 480 to 487
55	17	17	35	66	-6	33	20	cell = 488 to 495
54	21	1	-43	-41	-93	-63	-64	cell = 496 to 503
47	-30	37	10	4	-6	45	24	cell = 504 to 511
-47	-24	2	-5	-31	33	36	23	cell = 512 to 519
-43	-16	-23	-40	-20	4	-4	-26	cell = 520 to 527
0	-24	-21	-23	-2	-22	5	6	cell = 528 to 535
-34	13	2	28	-40	-33	-27	-19	cell = 536 to 543
-6	16	-18	-2	-16	1	-45	-26	cell = 544 to 551
-22	-49	-35	-2	7	-5	-10	-34	cell = 552 to 559
-27	-7	13	-8	-6	1	-33	23	cell = 560 to 567
1	-17	-36	-35	3	-19	-9	8	cell = 568 to 575
2	33	-76	-11	-25	-42	27	-37	cell = 576 to 583
-18	-24	-26	-9	1	-14	-56	-48	cell = 584 to 591
-41	-11	-12	-42	-52	-49	-2	-31	cell = 592 to 599
9	-11	-12	3	-16	-44	10	10	cell = 600 to 607
-42	-11	-37	7	-58	-8	-3	5	cell = 608 to 615
4	-11	-7	12	0	-8	-33	-13	cell = 616 to 623
-2	2	-37	-12	-4	-22	-47	0	cell = 624 to 631
-51	8	-29	30	-32	-13	-26	-5	cell = 632 to 639
-19	-16	0	-1	-50	-47	-34	23	cell = 640 to 647
12	-14	-38	-43	-60	-25	-62	-4	cell = 648 to 655
-14	-41	-53	-44	11	-1	-13	-34	cell = 656 to 663
-12	-37	-15	-29	6	-36	-47	-34	cell = 664 to 671
-56	3	-30	4	-2	-27	-53	-3	cell = 672 to 679
-24	-31	20	-1	-34	-14	2	-2	cell = 680 to 687
-5	-12	7	6	-19	39	6	13	cell = 688 to 695
-4	2	23	-38	-18	-31	-20	-30	cell = 696 to 703
-15	5	-37	18	-18	-2	-25	-32	cell = 704 to 711
-26	-6	-24	-17	-58	-39	-50	1	cell = 712 to 719
-24	-35	-26	-12	-58	0	-26	1	cell = 720 to 727
-64	-29	-63	-25	-26	-17	-6	-14	cell = 728 to 735
10	-11	-51	-17	-63	-41	-16	-45	cell = 736 to 743
-3	28	-25	8	-51	-64	6	-28	cell = 744 to 751
-34	-9	-13	-16	9	-37	-6	-29	cell = 752 to 759
-3	30	39	-39	28	-44	1	-10	cell = 760 to 767
-64	-11	-2	-28	11	-24	11	-16	cell = 768 to 775
-53	-35	-35	22	-9	-51	-35	24	cell = 776 to 783
-4	22	-10	-21	-65	18	-3	-3	cell = 784 to 791
10	-11	-7	-43	13	-34	7	-21	cell = 792 to 799
-36	-18	-54	-29	1	7	-12	-6	cell = 800 to 807
-41	-3	-32	-64	-23	23	-17	15	cell = 808 to 815
14	12	17	-30	-30	8	-29	-12	cell = 816 to 823
14	-22	-89	13	-38	-25	-15	-7	cell = 824 to 831
-40	-37	0	6	-29	-51	-48	-14	cell = 832 to 839
-3	5	12	7	-41	-43	-51	17	cell = 840 to 847
7	-5	6	-33	-8	-8	-21	-29	cell = 848 to 855
-54	22	-18	-38	-39	-37	-55	-31	cell = 856 to 863
-26	45	11	-2	-28	13	24	8	cell = 864 to 871
-34	6	-20	-8	-11	-11	0	-14	cell = 872 to 879
-55	-15	-35	-60	-55	-33	-10	-38	cell = 880 to 887
39	17	-30	11	-28	-29	-12	-7	cell = 888 to 895
-28	15	-11	-62	-42	-27	-18	-2	cell = 896 to 903
-47	24	-6	-28	-23	-8	-5	-61	cell = 904 to 911
-12	-5	-40	-36	2	-22	-9	-35	cell = 912 to 919
-29	-19	14	9	-18	-26	4	-9	cell = 920 to 927
9	-24	-9	-6	-11	-26	-41	-38	cell = 928 to 935
-33	-13	34	-7	-14	-44	-14	-5	cell = 936 to 943
-54	-4	-32	23	-8	-3	-15	-6	cell = 944 to 951
-35	14	-34	-41	-30	1	4	-34	cell = 952 to 959
9	-6	17	-7	-33	-33	-21	-47	cell = 960 to 967
-10	20	-59	-24	-19	-17	-20	-35	cell = 968 to 975
-2	27	-1	29	6	20	-38	-36	cell = 976 to 983
-23	3	-7	-11	-37	-4	-31	-4	cell = 984 to 991
-34	-20	26	-3	1	-11	-47	-9	cell = 992 to 999
-23	-23	-15	-52	-1	6	-3	-9	cell = 1000 to 1007
-7	-7	-35	7	-39	-12	-28	-9	cell = 1008 to 1015
-24	-28	-2	-6	7	-9	-34	-15	cell = 1016 to 1023
Calibration values from cell 0 to 1024 for channel 1:

7	9	40	-29	36	-10	51	2	cell = 0 to 7
44	-25	30	-25	81	-34	55	-5	cell = 8 to 15
28	-49	23	-6	44	13	34	-16	cell = 16 to 23
70	-7	59	-7	66	-60	42	-11	cell = 24 to 31
28	-17	42	-33	51	-13	52	6	cell = 32 to 39
40	-10	59	2	59	-1	58	2	cell = 40 to 47
19	-14	82	-24	27	-36	45	3	cell = 48 to 55
19	-10	29	6	33	-2	17	-12	cell = 56 to 63
49	-5	51	-22	55	-46	50	5	cell = 64 to 71
57	-16	69	-6	52	-23	32	-16	cell = 72 to 79
86	-8	30	-42	39	29	19	37	cell = 80 to 87
52	-5	45	10	62	-8	19	-1	cell = 88 to 95
43	-12	21	-4	57	12	11	-5	cell = 96 to 103
16	-8	49	29	39	1	22	29	cell = 104 to 111
91	-8	59	30	54	-10	-3	-24	cell = 112 to 119
49	-23	50	-25	42	16	22	0	cell = 120 to 127
43	-10	26	13	55	-10	57	37	cell = 128 to 135
58	57	50	-24	47	-4	67	14	cell = 136 to 143
54	19	39	-49	70	25	57	16	cell = 144 to 151
56	-23	23	8	63	-47	28	11	cell = 152 to 159
62	-21	33	0	67	-33	74	32	cell = 160 to 167
31	-19	48	-5	89	-22	27	1	cell = 168 to 175
58	-2	25	-41	70	-3	8	-10	cell = 176 to 183
43	-29	0	-45	56	-66	62	-30	cell = 184 to 191
53	-29	17	-9	55	-20	57	-21	cell = 192 to 199
12	6	103	-14	52	-37	48	0	cell = 200 to 207
71	-5	11	-18	49	-32	97	-1	cell = 208 to 215
24	-30	43	-4	18	0	18	-6	cell = 216 to 223
31	23	59	21	32	-3	53	-10	cell = 224 to 231
-6	23	40	-18	62	33	55	-5	cell = 232 to 239
29	-57	12	-15	54	-23	25	-17	cell = 240 to 247
14	29	17	-25	69	-52	63	-4	cell = 248 to 255
29	-23	33	-8	53	-33	11	9	cell = 256 to 263
59	-6	53	20	24	24	37	-5	cell = 264 to 271
74	1	58	18	25	-18	-5	-16	cell = 272 to 279
52	-23	47	43	31	4	48	-29	cell = 280 to 287
40	21	17	-5	46	-55	45	-18	cell = 288 to 295
43	19	51	30	65	-40	31	10	cell = 296 to 303
16	-4	-12	-8	67	14	94	2	cell = 304 to 311
16	-8	3	-6	57	8	51	-18	cell = 312 to 319
77	15	53	-17	21	-2	52	0	cell = 320 to 327
54	-20	23	7	-22	12	32	-10	cell = 328 to 335
40	-5	87	-47	-3	7	50	-10	cell = 336 to 343
50	-16	47	22	73	-4	73	6	cell = 344 to 351
25	2	49	-22	13	39	46	-14	cell = 352 to 359
64	19	41	-4	19	-27	15	-11	cell = 360 to 367
20	-30	7	-3	27	13	45	-3	cell = 368 to 375
54	2	67	37	42	-9	63	35	cell = 376 to 383
28	-10	58	21	30	-14	49	-8	cell = 384 to 391
64	-18	18	0	71	-2	30	-12	cell = 392 to 399
68	-17	73	-17	19	-54	20	-50	cell = 400 to 407
49	-13	85	-5	50	-24	69	7	cell = 408 to 415
36	-1	-4	-15	57	-36	53	29	cell = 416 to 423
33	0	25	-8	22	-8	40	-2	cell = 424 to 431
49	20	56	-37	28	-8	43	15	cell = 432 to 439
41	-4	33	3	59	-9	57	16	cell = 440 to 447
20	-36	54	24	56	-27	23	-22	cell = 448 to 455
40	14	15	-12	55	22	37	-11	cell = 456 to 463
8	-35	29	-7	49	20	57	-48	cell = 464 to 471
15	-1	37	-2	35	-22	21	-28	cell = 472 to 479
67	-22	30	14	67	28	7	-64	cell = 480 to 487
52	-14	11	-13	42	6	39	-18	cell = 488 to 495
80	-3	1	-86	-30	-78	-53	-101	cell = 496 to 503
63	16	30	7	31	-46	41	-3	cell = 504 to 511
-18	-1	-62	-30	-49	-28	-47	-16	cell = 512 to 519
-10	-15	-48	-22	13	-14	-25	-11	cell = 520 to 527
-12	-38	-10	36	-6	-29	-23	-25	cell = 528 to 535
-45	16	-16	-33	-32	-11	-7	5	cell = 536 to 543
-16	-15	17	7	-39	-15	-36	-20	cell = 544 to 551
-62	-44	-25	-21	10	24	-27	-19	cell = 552 to 559
-35	18	-7	-31	-25	22	-40	-27	cell = 560 to 567
-8	11	-34	-30	-5	-20	-32	-22	cell = 568 to 575
16	-40	-38	-18	-6	-22	-41	-7	cell = 576 to 583
-15	-31	-22	-6	-22	15	-39	-36	cell = 584 to 591
-30	-33	12	3	3	21	3	30	cell = 592 to 599
-41	4	2	-61	15	2	-11	0	cell = 600 to 607
-14	-20	-28	-40	-33	-8	-29	-47	cell = 608 to 615
-30	-40	-18	-42	-29	-12	-11	3	cell = 616 to 623
-42	-8	-17	-11	-46	-19	-39	1	cell = 624 to 631
-6	-56	12	-66	-22	2	-5	-6	cell = 632 to 639
-69	18	-32	-13	-21	-25	-30	-21	cell = 640 to 647
8	5	12	23	-14	-32	-9	-24	cell = 648 to 655
28	8	-34	-18	-40	14	-5	8	cell = 656 to 663
-48	14	4	15	-20	-32	1	-9	cell = 664 to 671
-40	-30	-30	1	-12	-6	-8	-16	cell = 672 to 679
-6	9	-6	-19	0	-11	-6	-13	cell = 680 to 687
19	-16	-10	13	-24	-11	-28	-29	cell = 688 to 695
-31	-5	-22	-25	-21	-26	-9	-6	cell = 696 to 703
-32	-35	-38	10	-6	-11	-7	3	cell = 704 to 711
-22	-17	-56	-5	0	-17	-28	-34	cell = 712 to 719
-36	-28	-14	-9	-61	-13	-17	-31	cell = 720 to 727
-20	30	5	-63	-18	2	-26	-40	cell = 728 to 735
7	55	-14	-13	-28	-23	-6	-27	cell = 736 to 743
-30	4	-3	-6	19	7	-6	-3	cell = 744 to 751
-30	-23	-27	38	-18	21	36	-30	cell = 752 to 759
1	-16	-8	-13	-8	23	12	-63	cell = 760 to 767
-32	-12	-19	1	-10	-5	-29	-10	cell = 768 to 775
-53	-12	-48	-38	-33	-10	-28	-39	cell = 776 to 783
-10	12	-45	-31	-15	7	-30	-38	cell = 784 to 791
-40	0	-46	-9	-24	-49	-37	-17	cell = 792 to 799
-10	20	-4	-13	-16	-4	-5	-34	cell = 800 to 807
41	-48	20	-20	-23	33	-22	-22	cell = 808 to 815
-60	-6	-11	14	-21	-35	-28	-42	cell = 816 to 823
-22	-38	-40	-43	-12	-2	-46	-42	cell = 824 to 831
-19	30	-21	-28	-48	0	14	-34	cell = 832 to 839
-10	-29	21	-8	17	-19	4	1	cell = 840 to 847
-44	-80	10	4	7	-34	-7	-26	cell = 848 to 855
-10	-17	-5	-42	-39	-16	-18	-56	cell = 856 to 863
-4	-27	-22	5	14	-42	44	-10	cell = 864 to 871
-19	21	-31	-7	-56	-48	32	-28	cell = 872 to 879
-12	-34	-43	-22	4	-36	29	-36	cell = 880 to 887
-65	-15	1	9	-36	-17	-56	-22	cell = 888 to 895
-48	-6	9	-23	-5	-32	0	-17	cell = 896 to 903
-34	-6	-8	-1	-33	46	-9	-31	cell = 904 to 911
12	-49	-15	27	11	3	-7	-18	cell = 912 to 919
-29	-22	-7	-29	-43	20	25	-9	cell = 920 to 927
-73	3	6	-34	-13	-23	-20	-37	cell = 928 to 935
-9	13	-3	-27	-20	-23	-45	14	cell = 936 to 943
-24	12	-17	-19	-25	-25	13	-29	cell = 944 to 951
-7	-63	-34	-20	-45	-4	-33	-28	cell = 952 to 959
-7	-18	-13	-29	-32	-2	-48	-22	cell = 960 to 967
-44	-37	12	-10	-23	-14	-9	31	cell = 968 to 975
-83	-11	-58	-28	-36	-34	-35	-18	cell = 976 to 983
2	-10	-34	-25	11	19	-10	-33	cell = 984 to 991
-8	-19	-7	-2	-25	-15	-60	-60	cell = 992 to 999
13	-13	-8	-47	-30	42	-32	-26	cell = 1000 to 1007
-40	-18	2	-11	-41	-6	1	-59	cell = 1008 to 1015
-24	-3	9	-25	-40	-34	-54	-9	cell = 1016 to 1023
Calibration values from cell 0 to 1024 for channel 2:

75	1	74	6	52	-31	26	1	cell = 0 to 7
58	19	29	-12	45	-13	1	-10	cell = 8 to 15
58	4	54	22	38	15	-11	23	cell = 16 to 23
52	-33	45	34	33	20	33	-25	cell = 24 to 31
28	21	-17	-46	76	-2	53	-2	cell = 32 to 39
1	-27	67	-24	72	-28	31	39	cell = 40 to 47
74	15	52	7	62	0	55	-36	cell = 48 to 55
61	-30	47	15	44	-46	34	22	cell = 56 to 63
67	-2	60	-16	52	-58	31	-1	cell = 64 to 71
29	-1	48	-9	76	-22	54	-50	cell = 72 to 79
38	-23	13	-5	-1	-23	51	-29	cell = 80 to 87
65	15	22	7	70	-12	77	30	cell = 88 to 95
24	-10	29	-27	45	-16	23	8	cell = 96 to 103
55	2	29	-7	67	-4	41	-18	cell = 104 to 111
42	6	44	17	38	-44	29	-15	cell = 112 to 119
39	18	28	-12	5	-36	59	-25	cell = 120 to 127
59	-13	18	20	59	-24	36	-34	cell = 128 to 135
17	-17	7	0	65	-37	50	-23	cell = 136 to 143
38	-53	21	-45	43	-78	41	-19	cell = 144 to 151
55	47	98	-38	62	-17	35	-31	cell = 152 to 159
42	0	22	-6	30	-24	16	-1	cell = 160 to 167
44	-32	17	28	26	16	51	1	cell = 168 to 175
67	13	25	11	58	-1	56	2	cell = 176 to 183
11	-35	36	3	56	1	43	-8	cell = 184 to 191
100	12	40	-6	59	5	90	-14	cell = 192 to 199
62	30	68	18	58	3	45	6	cell = 200 to 207
7	12	62	2	29	33	71	11	cell = 208 to 215
58	2	19	2	35	-30	49	12	cell = 216 to 223
72	20	42	-32	10	-59	37	-25	cell = 224 to 231
51	4	7	34	72	-34	27	-27	cell = 232 to 239
16	-8	32	-8	45	-32	55	-5	cell = 240 to 247
38	-28	-1	-7	62	-40	55	5	cell = 248 to 255
25	6	81	-36	67	-31	49	11	cell = 256 to 263
46	-10	34	27	40	24	9	-29	cell = 264 to 271
46	-2	54	1	21	-19	53	14	cell = 272 to 279
43	13	21	-2	13	-32	25	-2	cell = 280 to 287
43	-13	57	-19	58	0	43	-71	cell = 288 to 295
89	-11	35	-18	51	2	-3	46	cell = 296 to 303
4	-18	45	-3	52	-52	44	10	cell = 304 to 311
64	2	60	-11	38	10	52	-27	cell = 312 to 319
-5	14	57	-17	42	-7	13	-7	cell = 320 to 327
25	-13	20	-23	81	-28	70	11	cell = 328 to 335
39	-49	51	-36	70	-31	49	15	cell = 336 to 343
29	-9	45	-10	14	-8	57	-6	cell = 344 to 351
80	-36	41	27	22	36	64	-12	cell = 352 to 359
51	21	9	-21	61	15	37	-2	cell = 360 to 367
22	-32	5	-2	63	-5	7	-2	cell = 368 to 375
55	7	35	-4	16	10	1	-13	cell = 376 to 383
38	0	61	-14	63	-3	40	-28	cell = 384 to 391
33	-23	52	16	5	-3	12	-12	cell = 392 to 399
38	-37	38	-27	47	25	36	3	cell = 400 to 407
34	8	2	-16	42	19	34	9	cell = 408 to 415
57	8	49	-19	46	25	29	4	cell = 416 to 423
50	-67	-6	-9	7	-28	65	6	cell = 424 to 431
52	-32	19	41	8	34	72	10	cell = 432 to 439
23	-29	44	-6	29	-3	41	-25	cell = 440 to 447
81	4	55	14	33	-35	44	-32	cell = 448 to 455
77	-33	88	-17	67	-10	50	20	cell = 456 to 463
89	-48	10	-10	21	-8	77	1	cell = 464 to 471
57	-11	48	1	22	-27	3	-4	cell = 472 to 479
20	-22	51	37	64	-16	16	-1	cell = 480 to 487
59	-17	63	-40	63	-8	33	-42	cell = 488 to 495
45	-23	-2	-78	-35	-90	-12	-128	cell = 496 to 503
60	33	41	13	29	-31	-14	-27	cell = 504 to 511
-3	-55	-11	-9	-46	-8	-16	8	cell = 512 to 519
-38	-30	-45	25	-27	37	-31	-14	cell = 520 to 527
-66	-15	-23	-15	-27	34	-41	-37	cell = 528 to 535
-46	-14	-33	-32	-41	51	13	-27	cell = 536 to 543
-47	-55	16	-65	-34	-34	20	-6	cell = 544 to 551
3	21	-30	3	-22	30	-10	4	cell = 552 to 559
-23	-10	-18	-20	13	6	-21	-33	cell = 560 to 567
-18	27	-26	-2	-14	15	-19	-32	cell = 568 to 575
-41	0	-33	-15	-56	-12	-9	-37	cell = 576 to 583
-33	16	-37	-35	8	-41	-24	-36	cell = 584 to 591
-24	-34	-41	2	-20	-20	-3	-20	cell = 592 to 599
-1	29	-31	-27	-34	21	1	-42	cell = 600 to 607
-47	2	-1	5	7	9	6	5	cell = 608 to 615
-35	-32	-53	-43	15	0	-38	-38	cell = 616 to 623
-61	-35	3	-25	13	-13	-16	-49	cell = 624 to 631
19	-23	-15	-23	-45	-27	-2	-49	cell = 632 to 639
29	3	-44	26	-17	-5	-12	5	cell = 640 to 647
-60	-40	-2	-47	-50	-20	-6	-22	cell = 648 to 655
-31	-23	-32	-18	-32	16	26	-21	cell = 656 to 663
0	-29	-19	8	-15	-38	-1	0	cell = 664 to 671
-4	-29	-26	0	-20	-10	-37	-12	cell = 672 to 679
-42	8	-3	-63	-28	-6	7	-8	cell = 680 to 687
-24	-22	7	4	-29	-21	-39	-24	cell = 688 to 695
-21	-20	-23	-52	-69	19	29	-23	cell = 696 to 703
1	-20	1	-12	-5	12	-41	13	cell = 704 to 711
-44	-26	-32	-16	-16	-4	19	-13	cell = 712 to 719
-5	-8	-32	10	-15	-36	-37	-44	cell = 720 to 727
-2	-52	-10	-44	-27	-43	-12	-54	cell = 728 to 735
-18	-20	-5	-21	-4	-2	-10	-35	cell = 736 to 743
-23	-13	-27	4	-27	-27	-28	-18	cell = 744 to 751
-5	12	3	-34	13	-19	-32	14	cell = 752 to 759
-41	-16	-10	8	-68	-21	-23	33	cell = 760 to 767
-22	3	-20	-23	-39	-9	6	-21	cell = 768 to 775
-22	-30	18	24	-17	6	-11	-14	cell = 776 to 783
-34	19	-40	-30	-54	-30	-33	-8	cell = 784 to 791
-21	-6	-15	22	-13	-5	-46	-37	cell = 792 to 799
-4	5	7	-58	-26	-18	-1	6	cell = 800 to 807
-17	2	31	-37	15	24	-42	-20	cell = 808 to 815
7	35	-49	-41	-45	-34	-11	9	cell = 816 to 823
-6	-16	-35	-23	2	-6	1	-7	cell = 824 to 831
-19	-12	15	-11	-45	-22	-13	-33	cell = 832 to 839
-29	-39	-42	0	-70	-6	-3	3	cell = 840 to 847
7	-43	-37	-2	-10	-49	-25	-19	cell = 848 to 855
-41	-25	-4	-7	-34	38	-14	-16	cell = 856 to 863
4	-25	-52	-19	-21	-29	3	15	cell = 864 to 871
-33	-5	-11	-13	-46	0	18	-18	cell = 872 to 879
-15	19	-56	-49	-24	-19	-10	-49	cell = 880 to 887
-25	-44	7	-34	-48	8	34	-9	cell = 888 to 895
11	8	-59	-37	-56	-1	-2	-2	cell = 896 to 903
22	-17	-24	-34	-37	-32	-6	-29	cell = 904 to 911
-46	-22	-26	-17	-14	-25	0	2	cell = 912 to 919
-23	33	-73	-43	28	0	-23	-19	cell = 920 to 927
-18	-34	-22	-13	-21	-8	-20	-7	cell = 928 to 935
-48	13	-24	-34	6	-10	-13	-12	cell = 936 to 943
-13	32	-59	3	7	-50	-3	-19	cell = 944 to 951
-21	-15	-49	-12	-19	-36	22	-10	cell = 952 to 959
-56	14	28	-37	-5	-37	-21	-20	cell = 960 to 967
-36	-28	-2	21	-8	-17	-26	7	cell = 968 to 975
-11	15	-41	1	-29	-39	3	13	cell = 976 to 983
-19	23	-1	15	-19	12	-31	6	cell = 984 to 991
9	41	10	6	-1	3	-35	-33	cell = 992 to 999
-36	-34	-4	-6	-47	-45	0	-62	cell = 1000 to 1007
-16	6	-28	-51	-11	-19	7	-52	cell = 1008 to 1015
-24	-10	-40	-11	-11	-21	14	9	cell = 1016 to 1023
Calibration values from cell 0 to 1024 for channel 3:

50	-41	12	-15	70	-37	52	0	cell = 0 to 7
58	-16	42	-24	7	18	30	-22	cell = 8 to 15
70	24	69	35	27	-15	44	-19	cell = 16 to 23
16	-27	23	18	55	6	25	5	cell = 24 to 31
26	-8	42	20	61	-13	15	-45	cell = 32 to 39
46	-23	33	-9	62	5	53	-20	cell = 40 to 47
64	36	63	-42	71	25	19	-29	cell = 48 to 55
58	10	77	2	25	22	12	-6	cell = 56 to 63
40	-19	1	-9	8	-37	34	5	cell = 64 to 71
63	11	-16	24	47	-36	30	-34	cell = 72 to 79
40	22	67	-43	31	14	40	33	cell = 80 to 87
47	25	5	15	44	13	60	4	cell = 88 to 95
55	-2	70	-48	27	30	77	-22	cell = 96 to 103
65	3	29	-30	1	20	78	-41	cell = 104 to 111
67	11	-7	4	23	-19	60	-42	cell = 112 to 119
65	37	49	17	79	14	40	12	cell = 120 to 127
89	0	20	11	63	-12	24	48	cell = 128 to 135
39	-20	62	18	46	-8	48	-52	cell = 136 to 143
51	35	31	-24	66	-36	57	-14	cell = 144 to 151
25	-52	53	19	27	11	33	0	cell = 152 to 159
26	-41	43	0	55	2	77	-6	cell = 160 to 167
54	-15	58	-7	49	-16	46	9	cell = 168 to 175
-12	19	21	14	44	6	17	19	cell = 176 to 183
42	-27	71	-13	31	7	40	35	cell = 184 to 191
33	6	44	-60	62	-26	81	-9	cell = 192 to 199
48	-7	-11	18	4	23	-9	-6	cell = 200 to 207
61	-28	30	-29	21	-22	22	-7	cell = 208 to 215
40	-5	-1	26	35	-11	42	-21	cell = 216 to 223
47	-40	50	11	80	12	34	-30	cell = 224 to 231
13	-31	0	-22	40	-37	36	14	cell = 232 to 239
32	7	54	-30	40	-17	15	15	cell = 240 to 247
48	-23	38	-5	29	-4	84	23	cell = 248 to 255
68	-27	33	24	29	-18	55	-8	cell = 256 to 263
33	3	43	-41	8	-5	41	7	cell = 264 to 271
27	-20	82	-20	52	-12	14	4	cell = 272 to 279
-5	-28	52	-9	6	-1	16	1	cell = 280 to 287
35	-18	44	-20	18	6	47	-35	cell = 288 to 295
26	-15	38	-32	36	-23	21	-5	cell = 296 to 303
27	-42	40	-25	33	-35	30	10	cell = 304 to 311
66	22	58	-34	17	-39	-3	-38	cell = 312 to 319
82	-19	15	-37	26	10	59	-25	cell = 320 to 327
44	-25	-28	13	36	28	51	-12	cell = 328 to 335
55	44	49	41	56	-37	-9	18	cell = 336 to 343
49	-27	22	-13	-7	-27	78	-8	cell = 344 to 351
14	-10	32	-18	99	-4	49	-24	cell = 352 to 359
33	19	5	13	52	-16	22	0	cell = 360 to 367
42	0	58	-7	52	-19	10	-20	cell = 368 to 375
10	-21	8	-36	19	-36	24	39	cell = 376 to 383
41	-41	47	-57	20	-3	49	-35	cell = 384 to 391
34	4	73	13	48	-19	25	27	cell = 392 to 399
23	-5	91	-20	36	-30	35	-13	cell = 400 to 407
61	-10	16	12	0	-59	69	19	cell = 408 to 415
75	-9	27	-53	25	-8	19	-23	cell = 416 to 423
50	-54	42	-3	89	2	5	29	cell = 424 to 431
46	12	76	-28	42	8	35	-14	cell = 432 to 439
41	-34	28	-33	47	-5	30	-52	cell = 440 to 447
32	-2	23	-14	55	-27	48	11	cell = 448 to 455
11	-22	39	11	76	1	41	-9	cell = 456 to 463
31	21	42	-28	49	13	46	-30	cell = 464 to 471
52	-7	46	-58	42	-10	8	-16	cell = 472 to 479
95	-13	44	-4	31	3	60	-6	cell = 480 to 487
18	-11	0	23	13	-5	61	-25	cell = 488 to 495
68	-23	-5	-29	-25	-84	13	-32	cell = 496 to 503
25	-30	36	-6	45	26	-2	23	cell = 504 to 511
-25	-52	-12	-32	-58	3	3	-18	cell = 512 to 519
-35	2	-5	-24	-60	-20	-45	11	cell = 520 to 527
-23	4	-25	21	-14	3	-5	-25	cell = 528 to 535
-19	-5	-43	-10	10	-42	-16	-12	cell = 536 to 543
-35	-27	-16	-15	-7	-38	-18	-33	cell = 544 to 551
-16	-13	-21	28	-22	13	-18	-18	cell = 552 to 559
-92	-29	-18	7	-39	-32	-78	-9	cell = 560 to 567
0	2	-23	-27	4	2	8	-30	cell = 568 to 575
-14	8	-49	12	-40	-10	-9	-23	cell = 576 to 583
7	-20	-16	-9	4	22	-14	3	cell = 584 to 591
-24	-23	-11	-33	-52	4	-21	31	cell = 592 to 599
-24	-6	-6	7	-2	-6	4	-50	cell = 600 to 607
-35	30	-13	-53	-7	-57	-68	-16	cell = 608 to 615
-19	7	-28	-10	-50	-35	-6	-34	cell = 616 to 623
-21	-7	-21	-22	-9	7	-19	-18	cell = 624 to 631
4	8	-1	-4	-27	10	-21	-45	cell = 632 to 639
-21	-22	-21	-35	-6	-8	-53	-14	cell = 640 to 647
10	8	16	-17	-23	-1	-11	-29	cell = 648 to 655
-19	7	-19	-29	-28	7	17	-6	cell = 656 to 663
15	-17	21	-20	-21	-8	18	5	cell = 664 to 671
-22	-20	-29	11	-44	-18	-7	-46	cell = 672 to 679
-34	39	-40	-1	-17	7	-14	19	cell = 680 to 687
-22	17	-41	10	-18	-31	0	-16	cell = 688 to 695
-6	-39	-10	64	-3	11	-42	6	cell = 696 to 703
-13	6	-46	-52	-14	15	-34	0	cell = 704 to 711
-25	-46	-53	-17	-30	3	-51	-6	cell = 712 to 719
-19	-4	-29	-7	-54	1	-7	-24	cell = 720 to 727
-50	-28	-12	-21	-4	-25	-7	7	cell = 728 to 735
-29	-24	3	6	2	-34	14	-23	cell = 736 to 743
-12	13	-46	-3	-11	-23	-11	-18	cell = 744 to 751
-31	-17	-8	-47	-5	-36	2	-15	cell = 752 to 759
1	-35	-13	-12	-29	7	-31	3	cell = 760 to 767
-24	22	-21	-13	-6	-5	35	21	cell = 768 to 775
-10	-10	-15	-4	-30	-18	-61	-2	cell = 776 to 783
-39	-32	0	-2	-30	-22	5	0	cell = 784 to 791
-57	22	-51	-45	-20	31	0	-11	cell = 792 to 799
-9	24	15	-22	-30	-34	-26	-7	cell = 800 to 807
4	23	-48	-7	-7	-14	-29	13	cell = 808 to 815
-16	-36	14	-28	11	-9	-44	17	cell = 816 to 823
-14	-36	-39	7	-29	-2	-73	19	cell = 824 to 831
-46	-18	-15	-15	-23	-6	-37	13	cell = 832 to 839
12	-19	5	-24	28	0	-73	-17	cell = 840 to 847
-26	-6	-11	-32	5	18	-58	-46	cell = 848 to 855
2	-21	-48	2	-5	-5	-51	-60	cell = 856 to 863
-12	-13	16	20	-33	-48	37	2	cell = 864 to 871
1	-7	-3	51	-48	-7	5	-36	cell = 872 to 879
-10	-54	7	-27	-18	7	-23	0	cell = 880 to 887
-12	5	-53	2	-32	-17	-79	-42	cell = 888 to 895
3	15	-7	35	-51	-5	-29	-25	cell = 896 to 903
-4	-12	-9	16	-8	-23	-8	-15	cell = 904 to 911
18	-2	-3	1	12	19	-69	33	cell = 912 to 919
-32	19	37	-52	-42	-15	2	20	cell = 920 to 927
-40	-33	-23	-51	0	-21	36	-22	cell = 928 to 935
5	-12	-19	-47	3	3	-41	-10	cell = 936 to 943
-51	-41	-2	-34	-53	-28	-57	26	cell = 944 to 951
-40	-25	-14	14	-35	0	24	-52	cell = 952 to 959
-39	9	-17	-23	-43	-8	-8	-1	cell = 960 to 967
-47	-12	-12	-58	10	-11	9	35	cell = 968 to 975
4	-27	-23	-25	-12	0	-39	16	cell = 976 to 983
-22	-47	6	-38	-2	32	-42	-34	cell = 984 to 991
-54	-16	11	19	-41	-35	8	-16	cell = 992 to 999
-31	-15	-6	-22	-41	12	-17	-37	cell = 1000 to 1007
-34	7	25	-36	8	-10	-33	-30	cell = 1008 to 1015
-51	11	-10	-57	-11	24	-51	-49	cell = 1016 to 1023
Calibration values from cell 0 to 1024 for channel 4:

20	-20	44	4	17	4	93	-10	cell = 0 to 7
64	-6	59	-4	32	24	22	-16	cell = 8 to 15
8	-46	76	21	8	-39	31	-6	cell = 16 to 23
36	-48	19	10	50	20	20	11	cell = 24 to 31
54	-38	51	-9	51	-2	27	19	cell = 32 to 39
33	-9	43	-17	69	-12	30	3	cell = 40 to 47
61	-8	40	3	47	-9	44	-3	cell = 48 to 55
69	-4	15	-7	78	-19	30	-8	cell = 56 to 63
72	-2	43	-48	43	30	33	-14	cell = 64 to 71
52	3	17	-39	62	-26	50	3	cell = 72 to 79
30	-23	30	12	67	-23	53	0	cell = 80 to 87
69	3	14	-9	43	-20	58	30	cell = 88 to 95
6	47	65	-15	19	-16	46	6	cell = 96 to 103
56	24	76	-29	30	-53	54	-25	cell = 104 to 111
20	-5	26	-27	42	-28	9	26	cell = 112 to 119
65	-19	9	-55	11	-6	30	-26	cell = 120 to 127
33	-29	61	-8	53	3	60	-24	cell = 128 to 135
35	0	40	-5	112	-24	21	-10	cell = 136 to 143
59	-11	18	1	55	-13	25	4	cell = 144 to 151
18	-16	54	0	49	-39	66	-13	cell = 152 to 159
56	-49	37	-48	55	-29	25	5	cell = 160 to 167
7	-34	54	22	1	-24	57	-11	cell = 168 to 175
46	11	14	-21	22	2	57	-12	cell = 176 to 183
55	6	23	-23	74	1	78	39	cell = 184 to 191
49	-12	8	-10	56	-29	8	-41	cell = 192 to 199
53	-3	16	-46	58	-24	33	4	cell = 200 to 207
71	9	0	-11	44	24	50	7	cell = 208 to 215
-5	34	69	25	29	-29	43	-43	cell = 216 to 223
65	-10	46	-32	21	12	69	2	cell = 224 to 231
56	10	3	19	41	16	35	24	cell = 232 to 239
85	-48	51	-44	27	-20	42	-27	cell = 240 to 247
60	-29	47	-48	51	-37	37	-20	cell = 248 to 255
45	-9	25	-41	30	-22	9	-22	cell = 256 to 263
57	6	59	2	24	-39	29	3	cell = 264 to 271
63	-30	80	11	47	-11	61	-19	cell = 272 to 279
38	26	56	-23	36	2	17	-23	cell = 280 to 287
88	2	44	-32	49	-24	67	-10	cell = 288 to 295
39	-48	35	-34	43	-23	21	-33	cell = 296 to 303
74	-12	36	21	39	2	38	-42	cell = 304 to 311
44	-25	30	-15	42	11	77	-8	cell = 312 to 319
55	-11	27	4	38	-20	32	-49	cell = 320 to 327
47	-27	35	-2	61	1	38	18	cell = 328 to 335
35	-41	43	32	37	-14	29	-20	cell = 336 to 343
79	27	60	-14	55	9	59	27	cell = 344 to 351
82	25	49	-15	54	-9	19	0	cell = 352 to 359
30	39	49	-15	15	6	-4	-31	cell = 360 to 367
32	18	62	22	61	25	-9	-16	cell = 368 to 375
31	-48	72	26	53	-44	19	-13	cell = 376 to 383
45	0	55	-15	55	-1	60	13	cell = 384 to 391
55	12	56	-20	64	-9	62	-51	cell = 392 to 399
60	-30	7	30	56	-19	57	15	cell = 400 to 407
18	-40	51	-2	12	-8	39	-43	cell = 408 to 415
49	-35	28	-38	36	-24	32	-23	cell = 416 to 423
39	5	28	-23	56	-10	39	16	cell = 424 to 431
76	-2	28	-6	37	-7	82	19	cell = 432 to 439
42	10	63	12	49	18	20	19	cell = 440 to 447
6	3	54	-17	93	-25	69	-8	cell = 448 to 455
27	-26	66	-12	55	-23	70	9	cell = 456 to 463
56	-13	-15	-18	59	-21	48	-7	cell = 464 to 471
17	-34	40	-29	66	12	40	-2	cell = 472 to 479
17	11	57	-40	34	-28	54	-6	cell = 480 to 487
66	3	52	12	36	-6	63	30	cell = 488 to 495
43	3	56	-97	-74	-60	-45	-29	cell = 496 to 503
69	2	0	-18	64	-29	6	-14	cell = 504 to 511
-15	-4	-23	11	-25	6	-1	-34	cell = 512 to 519
-21	12	-17	-11	-3	8	-57	-51	cell = 520 to 527
-55	12	-43	-15	-1	-11	-32	-33	cell = 528 to 535
-57	-4	-28	17	-10	-25	-44	-4	cell = 536 to 543
-27	-18	-26	-5	5	-6	-19	-16	cell = 544 to 551
-33	-17	-9	20	-23	14	-33	10	cell = 552 to 559
31	-9	1	-25	-34	-38	-32	-14	cell = 560 to 567
-14	-9	-15	-35	-24	30	-37	-49	cell = 568 to 575
-40	-29	-18	-24	-40	-49	-34	-45	cell = 576 to 583
-34	-5	-9	3	-14	0	-3	-38	cell = 584 to 591
19	-3	-15	-4	-35	3	-9	34	cell = 592 to 599
-17	-16	-9	-13	3	-16	-41	-57	cell = 600 to 607
-1	-44	-24	-18	26	22	-14	-16	cell = 608 to 615
-13	-42	-31	-26	-44	-2	-42	-22	cell = 616 to 623
-36	-5	-23	0	-38	-14	4	2	cell = 624 to 631
-44	-3	-13	-3	-17	-46	-6	-19	cell = 632 to 639
-45	7	-32	-16	-40	13	-21	-23	cell = 640 to 647
-32	-25	39	-36	-11	-8	0	-20	cell = 648 to 655
-21	-22	-45	-28	-41	12	-32	-21	cell = 656 to 663
0	-19	-22	-31	-47	-46	-50	20	cell = 664 to 671
-14	-19	-13	-7	-24	-18	-22	-55	cell = 672 to 679
-30	26	-48	1	-23	-31	15	3	cell = 680 to 687
-32	-18	7	-4	-23	-28	-51	13	cell = 688 to 695
-45	-4	-15	-23	-13	-17	-41	17	cell = 696 to 703
7	18	-29	-42	-9	-34	13	-26	cell = 704 to 711
-50	10	-54	0	-29	15	-30	-27	cell = 712 to 719
2	-3	-1	-3	-27	14	17	25	cell = 720 to 727
-6	34	-28	-12	-22	3	-41	14	cell = 728 to 735
-45	-7	5	-24	-25	7	-25	-25	cell = 736 to 743
-18	-25	-26	-31	-40	-6	-28	-17	cell = 744 to 751
-60	19	-17	0	11	-16	-46	1	cell = 752 to 759
0	-28	-29	-26	-52	-33	22	6	cell = 760 to 767
-50	-20	-54	0	-26	12	-17	-5	cell = 768 to 775
16	10	-15	-41	-18	-24	-35	-6	cell = 776 to 783
-61	13	-34	-33	-21	-30	-15	11	cell = 784 to 791
-47	-67	-6	-5	-50	-25	4	9	cell = 792 to 799
-17	-29	26	1	-50	-11	-63	-24	cell = 800 to 807
-7	-13	11	-19	-19	-3	12	-35	cell = 808 to 815
-82	-13	-22	26	-25	0	0	13	cell = 816 to 823
-34	-25	-16	-6	-61	-11	-4	-22	cell = 824 to 831
-40	8	8	5	-38	0	-8	-35	cell = 832 to 839
45	-5	17	-44	-41	-23	2	-14	cell = 840 to 847
23	-12	0	-21	-19	7	-17	-27	cell = 848 to 855
-38	-19	7	-6	-40	-2	8	11	cell = 856 to 863
-38	-11	0	-10	21	-12	-11	-22	cell = 864 to 871
-12	-27	-17	-42	-22	-5	-4	-13	cell = 872 to 879
-7	-21	-28	8	-21	-14	10	11	cell = 880 to 887
-28	-46	-23	6	-13	-39	-33	9	cell = 888 to 895
-29	-7	3	1	-38	-53	-14	-7	cell = 896 to 903
-28	-6	4	-15	6	13	-4	12	cell = 904 to 911
-59	0	-58	-24	-30	-13	15	-11	cell = 912 to 919
-22	-13	-33	21	-20	-20	-18	-7	cell = 920 to 927
-3	4	-1	-29	26	-75	-27	-32	cell = 928 to 935
4	-30	-34	-28	-19	-9	1	-16	cell = 936 to 943
-12	12	-38	-13	-15	8	1	-6	cell = 944 to 951
-20	-8	-42	-27	3	-30	-10	-18	cell = 952 to 959
-8	-8	0	-29	-15	-18	-18	0	cell = 960 to 967
1	-12	-32	-15	-2	-20	-27	-28	cell = 968 to 975
14	25	-4	-25	-36	-26	-28	-17	cell = 976 to 983
19	-14	-28	0	-37	-10	-13	-26	cell = 984 to 991
-11	-68	-21	-24	0	34	-7	7	cell = 992 to 999
-11	-36	-26	-11	-17	-26	-21	-34	cell = 1000 to 1007
-29	31	-18	-12	-53	-7	-52	-21	cell = 1008 to 1015
-29	-12	-34	-16	-48	-28	-32	-50	cell = 1016 to 1023
Calibration values from cell 0 to 1024 for channel 5:

55	9	30	-9	31	-18	36	4	cell = 0 to 7
33	-50	36	-14	63	-28	5	22	cell = 8 to 15
46	-14	70	2	5	-8	49	15	cell = 16 to 23
23	34	63	-14	45	-17	46	7	cell = 24 to 31
60	-24	66	-10	-3	26	65	28	cell = 32 to 39
19	-25	44	5	40	-31	0	8	cell = 40 to 47
37	-33	33	16	-8	15	55	12	cell = 48 to 55
33	0	43	2	53	-23	42	18	cell = 56 to 63
80	24	76	-7	45	5	22	-15	cell = 64 to 71
41	32	32	-30	34	-3	0	-3	cell = 72 to 79
34	0	-3	-4	66	16	26	35	cell = 80 to 87
56	-31	12	14	70	-6	65	31	cell = 88 to 95
19	-17	51	-59	39	-44	42	3	cell = 96 to 103
52	25	39	26	35	-28	60	-12	cell = 104 to 111
51	-29	27	-7	20	-18	83	-19	cell = 112 to 119
61	-6	22	-26	66	11	66	-29	cell = 120 to 127
42	-14	44	-30	1	30	17	0	cell = 128 to 135
56	-26	83	-7	34	-16	24	-3	cell = 136 to 143
52	16	7	-16	36	-11	37	-16	cell = 144 to 151
54	13	19	-2	24	-22	45	-10	cell = 152 to 159
35	0	57	3	0	-22	70	-20	cell = 160 to 167
44	-32	77	9	30	-2	5	16	cell = 168 to 175
34	-35	7	-7	19	-26	74	-20	cell = 176 to 183
36	-32	17	-12	26	-14	30	-7	cell = 184 to 191
56	-13	58	-1	42	24	-4	-25	cell = 192 to 199
24	-32	30	13	36	7	50	8	cell = 200 to 207
15	-25	45	-37	44	-12	-4	-20	cell = 208 to 215
41	7	13	-3	65	-14	39	-24	cell = 216 to 223
4	17	40	2	49	-7	19	19	cell = 224 to 231
45	9	27	9	61	-16	-2	-2	cell = 232 to 239
50	1	37	3	54	-6	32	-10	cell = 240 to 247
11	-5	68	-45	14	-20	47	37	cell = 248 to 255
23	1	62	-13	112	-53	52	27	cell = 256 to 263
20	-5	33	12	-16	-10	74	14	cell = 264 to 271
60	-8	5	-28	3	-36	66	-35	cell = 272 to 279
29	20	10	-8	15	-11	44	12	cell = 280 to 287
25	16	59	6	49	5	60	-44	cell = 288 to 295
7	-24	37	-24	16	36	47	-66	cell = 296 to 303
35	-19	33	-3	35	-3	61	6	cell = 304 to 311
64	-21	42	-8	14	18	71	-9	cell = 312 to 319
19	-25	63	20	26	-29	40	42	cell = 320 to 327
64	18	29	0	24	-13	32	-2	cell = 328 to 335
99	11	12	-42	81	-17	93	9	cell = 336 to 343
43	-2	27	24	25	-23	16	34	cell = 344 to 351
41	-21	40	-14	59	-22	22	-38	cell = 352 to 359
80	9	20	2	50	9	56	-26	cell = 360 to 367
48	1	2	-19	22	-31	9	-25	cell = 368 to 375
48	-31	30	-3	41	-16	-8	-33	cell = 376 to 383
16	-33	55	-3	32	12	55	24	cell = 384 to 391
51	21	78	-22	21	-15	27	-23	cell = 392 to 399
65	-45	13	-9	17	-6	28	-46	cell = 400 to 407
33	16	11	1	29	-9	76	-3	cell = 408 to 415
60	6	72	-20	60	2	39	-42	cell = 416 to 423
31	-9	39	-4	34	1	48	-34	cell = 424 to 431
65	-4	54	-16	42	-21	55	36	cell = 432 to 439
58	-50	2	32	74	-34	35	-6	cell = 440 to 447
30	-28	26	-71	80	6	26	5	cell = 448 to 455
67	15	59	9	51	-7	60	-24	cell = 456 to 463
117	-46	71	-38	69	-29	47	19	cell = 464 to 471
48	29	40	-22	14	-41	26	-17	cell = 472 to 479
22	-27	29	-6	2	-18	56	-24	cell = 480 to 487
4	2	13	15	53	8	0	-16	cell = 488 to 495
40	1	32	-19	-69	-57	-39	-80	cell = 496 to 503
81	-32	16	18	5	-39	56	23	cell = 504 to 511
-24	-45	-15	-28	-31	12	-15	-6	cell = 512 to 519
-40	-51	-37	-28	-46	-18	8	-34	cell = 520 to 527
-47	24	-37	-17	7	-40	-25	-20	cell = 528 to 535
0	-24	-12	-4	30	2	-1	-40	cell = 536 to 543
-16	-33	-15	-20	-35	0	-30	-15	cell = 544 to 551
-14	-34	-58	-26	-36	-18	-24	-30	cell = 552 to 559
-56	-10	17	6	-34	-7	-42	-27	cell = 560 to 567
10	-50	5	39	2	-27	-23	-32	cell = 568 to 575
-92	-25	-51	-25	-7	-24	21	-18	cell = 576 to 583
-60	6	-17	-34	-68	6	-26	-2	cell = 584 to 591
-51	-39	-60	-22	-13	-21	20	-54	cell = 592 to 599
-62	-47	-18	-39	-11	0	8	7	cell = 600 to 607
-1	7	-41	-46	-6	-16	0	-28	cell = 608 to 615
7	-46	-22	-5	-19	-22	-14	-22	cell = 616 to 623
-43	-5	-17	-27	-63	-54	-29	-20	cell = 624 to 631
-9	26	-18	9	-19	-29	-17	5	cell = 632 to 639
-1	-26	35	-21	-18	-28	-57	-4	cell = 640 to 647
-10	58	-38	5	-6	29	-29	9	cell = 648 to 655
-57	1	-22	-33	-23	-40	20	7	cell = 656 to 663
7	-28	-36	-23	-12	31	-17	-13	cell = 664 to 671
-14	-2	-13	-15	-27	34	-32	-34	cell = 672 to 679
22	-37	0	-22	-47	14	1	0	cell = 680 to 687
-32	-22	-21	35	10	1	-43	5	cell = 688 to 695
-31	-30	-60	-43	-23	3	4	19	cell = 696 to 703
-57	10	-21	25	12	-8	-2	0	cell = 704 to 711
-32	-11	-14	15	-40	22	3	-18	cell = 712 to 719
-34	-16	-14	29	29	-15	-30	9	cell = 720 to 727
15	19	-42	-4	-36	-49	-28	7	cell = 728 to 735
-2	15	-5	-17	-5	-3	-6	23	cell = 736 to 743
-23	-31	-34	2	-42	27	-7	-29	cell = 744 to 751
-26	-11	-23	9	-16	8	0	-12	cell = 752 to 759
-52	-1	-25	20	-25	-19	8	-3	cell = 760 to 767
-29	-14	-53	-33	-75	20	4	-32	cell = 768 to 775
2	-16	-13	4	-47	-15	-33	-5	cell = 776 to 783
1	-2	-12	-22	-38	-2	-36	-62	cell = 784 to 791
-54	0	-2	-24	3	-17	0	1	cell = 792 to 799
-22	-7	-10	8	-24	-43	2	1	cell = 800 to 807
-10	4	-15	-14	2	-16	9	-23	cell = 808 to 815
-54	1	-38	-27	21	-52	-35	6	cell = 816 to 823
-39	0	-3	-21	20	9	-24	14	cell = 824 to 831
-35	-31	-19	-12	-1	-26	-33	5	cell = 832 to 839
-63	-28	-28	-1	-56	-10	-35	-11	cell = 840 to 847
-24	23	-10	-4	-36	-17	-58	-31	cell = 848 to 855
-34	-28	22	-7	-32	-50	10	38	cell = 856 to 863
-6	2	-66	-16	-39	-44	-14	2	cell = 864 to 871
-3	23	-18	-2	-23	-16	-13	-1	cell = 872 to 879
-26	12	-27	3	-8	9	7	29	cell = 880 to 887
-30	-31	-45	13	6	17	3	-7	cell = 888 to 895
-10	-2	33	-15	-11	14	-12	29	cell = 896 to 903
2	12	18	-5	-44	-39	-36	7	cell = 904 to 911
-43	-32	-10	-22	-16	-1	-20	-19	cell = 912 to 919
-24	-5	-1	-21	-40	-22	-59	1	cell = 920 to 927
15	-21	-19	6	-17	-41	-54	-52	cell = 928 to 935
-4	1	22	-25	-21	-27	-58	-9	cell = 936 to 943
-15	7	-14	-13	9	-18	-9	16	cell = 944 to 951
-26	-34	-33	-25	23	-11	-28	-33	cell = 952 to 959
-27	-35	9	-42	-7	32	0	-49	cell = 960 to 967
-32	-40	5	-41	-57	-32	-87	-48	cell = 968 to 975
-1	-13	-39	-27	-4	-21	8	6	cell = 976 to 983
-6	-13	-7	-49	1	12	10	7	cell = 984 to 991
-19	15	-13	-35	-45	-31	-35	-14	cell = 992 to 999
-2	-16	-34	29	-26	15	9	-25	cell = 1000 to 1007
-24	-19	38	-34	4	-14	-13	34	cell = 1008 to 1015
-10	7	-19	26	-30	-4	2	-9	cell = 1016 to 1023
Calibration values from cell 0 to 1024 for channel 6:

29	10	90	42	27	49	37	-4	cell = 0 to 7
47	12	17	4	66	18	61	23	cell = 8 to 15
62	-21	47	-7	52	-15	76	1	cell = 16 to 23
47	-19	38	-3	20	-9	-7	-30	cell = 24 to 31
52	-4	62	-21	62	-38	25	18	cell = 32 to 39
76	-8	57	-18	44	10	31	-7	cell = 40 to 47
67	20	54	18	16	26	47	0	cell = 48 to 55
55	5	52	11	24	-44	62	-13	cell = 56 to 63
21	-1	36	-13	36	-41	16	10	cell = 64 to 71
53	-50	47	-41	26	-17	27	-12	cell = 72 to 79
22	-20	42	12	34	-25	67	-54	cell = 80 to 87
49	-41	59	-22	68	13	33	-16	cell = 88 to 95
14	-1	26	-18	66	-26	42	-38	cell = 96 to 103
85	16	26	17	74	10	62	-43	cell = 104 to 111
37	8	33	12	91	0	25	-20	cell = 112 to 119
1	-27	41	-21	80	-3	63	-11	cell = 120 to 127
59	23	57	19	56	9	35	-35	cell = 128 to 135
36	-19	35	14	24	-31	96	-35	cell = 136 to 143
57	-23	41	-22	35	-3	11	-12	cell = 144 to 151
67	-35	37	-2	81	-19	32	24	cell = 152 to 159
66	10	52	27	63	0	58	-2	cell = 160 to 167
18	-9	46	9	16	27	28	-8	cell = 168 to 175
61	22	30	34	50	-18	42	-31	cell = 176 to 183
30	23	52	-25	59	-38	39	-8	cell = 184 to 191
81	-32	27	-3	3	-19	37	-25	cell = 192 to 199
-19	0	17	-8	25	31	75	33	cell = 200 to 207
47	-1	66	-28	49	-24	49	7	cell = 208 to 215
39	-23	38	14	42	-50	-16	-34	cell = 216 to 223
30	-32	56	-19	24	29	14	7	cell = 224 to 231
28	27	34	-2	9	34	25	-47	cell = 232 to 239
42	-27	6	-14	9	-29	56	-24	cell = 240 to 247
14	-22	68	3	17	-3	28	7	cell = 248 to 255
7	-47	-2	-25	18	-3	45	-11	cell = 256 to 263
45	1	45	-19	16	-5	24	-12	cell = 264 to 271
81	18	56	5	75	-20	41	14	cell = 272 to 279
32	-21	56	25	42	-8	25	13	cell = 280 to 287
59	-25	11	-29	30	15	65	-39	cell = 288 to 295
46	-32	34	-14	93	15	53	-30	cell = 296 to 303
61	-4	27	-19	53	-50	42	7	cell = 304 to 311
-5	-25	60	-10	65	-9	6	10	cell = 312 to 319
11	0	31	-8	28	-5	19	-4	cell = 320 to 327
59	-20	31	-11	77	-9	42	-14	cell = 328 to 335
30	-24	23	49	28	-2	41	-38	cell = 336 to 343
21	8	39	-2	58	-19	1	1	cell = 344 to 351
60	9	15	17	82	-6	18	-49	cell = 352 to 359
67	2	11	-9	51	-3	33	-32	cell = 360 to 367
54	5	9	17	34	-22	50	-12	cell = 368 to 375
57	-13	12	-17	36	-16	19	33	cell = 376 to 383
23	1	41	-9	2	-33	62	16	cell = 384 to 391
79	14	50	-33	46	-16	36	37	cell = 392 to 399
25	-18	33	5	7	-5	31	-9	cell = 400 to 407
41	-31	23	14	56	4	40	7	cell = 408 to 415
22	-17	38	1	15	11	-2	-50	cell = 416 to 423
25	-7	15	-17	53	-5	52	-13	cell = 424 to 431
51	-15	11	-6	24	6	21	-34	cell = 432 to 439
69	19	29	46	74	14	30	-11	cell = 440 to 447
44	-27	64	-30	84	-16	74	3	cell = 448 to 455
27	-4	58	23	54	-5	24	1	cell = 456 to 463
28	-15	64	2	23	-13	49	28	cell = 464 to 471
49	-3	23	20	30	37	7	0	cell = 472 to 479
9	-19	38	14	30	-23	26	-9	cell = 480 to 487
64	-62	38	25	28	-35	85	15	cell = 488 to 495
91	21	2	-23	-49	-73	-46	-80	cell = 496 to 503
20	7	49	-43	7	-26	42	1	cell = 504 to 511
-17	-16	-29	-46	-41	-53	-33	-26	cell = 512 to 519
-2	0	-20	-16	-26	-23	-15	-4	cell = 520 to 527
-2	8	-13	12	-49	-69	-34	-13	cell = 528 to 535
-2	0	-20	-18	-36	-38	11	-32	cell = 536 to 543
-41	-60	11	-23	-42	-26	-17	-48	cell = 544 to 551
-44	15	-46	10	-53	-37	-8	-8	cell = 552 to 559
-16	-3	11	-17	0	12	-29	-24	cell = 560 to 567
-31	-43	18	13	-38	-18	9	-16	cell = 568 to 575
7	23	3	42	-2	-39	-73	-42	cell = 576 to 583
-29	-32	-20	-46	-10	-17	27	-4	cell = 584 to 591
-28	-26	-26	-27	3	-4	-49	1	cell = 592 to 599
-12	-12	-11	0	-26	-11	10	9	cell = 600 to 607
-28	3	-36	38	-50	-14	7	11	cell = 608 to 615
-25	-13	11	-65	-53	-13	-30	-35	cell = 616 to 623
-30	-42	-37	-17	16	-21	-8	8	cell = 624 to 631
9	12	17	-1	-26	6	-18	-29	cell = 632 to 639
-46	-44	1	-9	-49	5	-53	-18	cell = 640 to 647
-23	18	30	-74	-7	32	-33	16	cell = 648 to 655
-41	-10	-39	-12	28	7	-28	-6	cell = 656 to 663
-51	-24	-33	-31	-77	-4	-37	-16	cell = 664 to 671
-48	-41	-7	-44	-40	-49	-49	-57	cell = 672 to 679
19	-25	0	7	-29	15	19	-2	cell = 680 to 687
-53	-28	7	9	-29	-24	-24	-14	cell = 688 to 695
14	-22	-46	-13	7	6	-18	-10	cell = 696 to 703
-8	-4	-4	-14	-12	3	-3	-34	cell = 704 to 711
-19	-22	-2	21	-37	-22	-11	-19	cell = 712 to 719
-24	1	-2	5	15	-51	-7	22	cell = 720 to 727
-41	5	18	-5	-12	-48	-9	-25	cell = 728 to 735
-8	-22	-51	-30	-25	-8	-13	-21	cell = 736 to 743
-30	-21	14	-59	17	-47	21	-21	cell = 744 to 751
16	-26	-24	-43	-18	-51	-19	-4	cell = 752 to 759
20	-4	-36	-34	-13	-29	-24	12	cell = 760 to 767
3	-19	-10	-10	-4	-8	-47	-17	cell = 768 to 775
-47	-33	-40	-26	5	31	-17	-21	cell = 776 to 783
-61	-11	-7	-3	-43	9	10	-58	cell = 784 to 791
-6	-12	8	-27	-25	-65	36	-26	cell = 792 to 799
15	-49	-48	-56	20	13	-30	-24	cell = 800 to 807
-18	-5	-5	15	-27	-1	-10	-53	cell = 808 to 815
-25	20	-38	-15	-30	-36	20	-20	cell = 816 to 823
-39	-26	-38	-17	-16	0	-12	-30	cell = 824 to 831
-21	6	2	-7	-20	1	-45	-7	cell = 832 to 839
-23	3	-34	-2	-18	22	-35	5	cell = 840 to 847
-38	-24	-30	6	-63	-33	-3	-14	cell = 848 to 855
30	-48	-2	-15	-8	35	-11	-43	cell = 856 to 863
-35	13	-25	-10	-23	7	-45	-7	cell = 864 to 871
-40	3	-52	-57	-35	-7	33	-47	cell = 872 to 879
6	18	-21	-44	-63	-6	3	-19	cell = 880 to 887
-57	21	-18	-11	-16	24	-18	-26	cell = 888 to 895
3	-4	-43	-4	1	-11	17	-39	cell = 896 to 903
18	1	2	-8	-25	-22	-5	-56	cell = 904 to 911
13	17	21	-18	-6	-3	-19	-26	cell = 912 to 919
-79	-39	-34	-28	-57	-16	0	-6	cell = 920 to 927
16	21	-31	2	-8	-7	-19	-10	cell = 928 to 935
-22	28	34	-19	-35	-6	-23	-54	cell = 936 to 943
-3	-33	-14	-40	-14	-25	-7	-9	cell = 944 to 951
19	-35	-40	7	-14	14	40	-22	cell = 952 to 959
41	3	-73	-39	7	-32	-16	-6	cell = 960 to 967
-17	-20	-23	-46	-17	26	-51	20	cell = 968 to 975
12	-35	-22	-43	27	-65	-13	-29	cell = 976 to 983
-23	-50	-21	-25	-12	3	3	9	cell = 984 to 991
-12	-24	10	22	-6	20	4	2	cell = 992 to 999
-21	-18	1	-73	-35	-27	-44	9	cell = 1000 to 1007
10	-16	4	-1	-24	-25	-12	-39	cell = 1008 to 1015
-50	-9	5	-25	-15	-36	-36	-2	cell = 1016 to 1023
Calibration values from cell 0 to 1024 for channel 7:

46	0	43	-7	2	17	47	-42	cell = 0 to 7
55	-27	43	-31	26	-7	17	15	cell = 8 to 15
12	6	52	25	63	-37	39	2	cell = 16 to 23
30	-25	30	-17	32	0	43	53	cell = 24 to 31
25	6	24	-15	92	-50	33	-10	cell = 32 to 39
13	7	62	14	45	6	31	17	cell = 40 to 47
18	-6	-13	-21	72	-20	52	27	cell = 48 to 55
28	15	44	-7	32	-18	26	-2	cell = 56 to 63
31	-11	27	-5	48	-26	13	-29	cell = 64 to 71
-1	2	91	9	52	-9	41	-4	cell = 72 to 79
45	-39	61	10	16	5	27	-24	cell = 80 to 87
30	-12	84	-7	27	-25	33	-1	cell = 88 to 95
55	-15	26	27	31	7	46	-40	cell = 96 to 103
53	15	36	4	23	14	73	-28	cell = 104 to 111
42	-18	-13	16	68	-12	26	-21	cell = 112 to 119
65	30	24	1	43	-17	50	-10	cell = 120 to 127
51	-6	31	-16	90	0	20	-6	cell = 128 to 135
37	-16	90	-10	10	-15	31	-5	cell = 136 to 143
44	-59	55	-11	63	-21	41	15	cell = 144 to 151
66	-19	16	-6	16	-9	36	14	cell = 152 to 159
8	13	75	-5	54	-30	68	18	cell = 160 to 167
6	-8	20	-12	73	-7	74	-18	cell = 168 to 175
9	-38	1	-40	33	0	63	-34	cell = 176 to 183
28	10	35	12	50	9	50	5	cell = 184 to 191
32	-22	-7	8	85	-18	42	-26	cell = 192 to 199
71	-34	45	-8	14	-4	47	-3	cell = 200 to 207
26	-48	24	-17	45	41	-8	12	cell = 208 to 215
48	-22	34	14	44	-22	41	-19	cell = 216 to 223
23	-12	50	9	3	-27	42	-42	cell = 224 to 231
42	-54	69	6	80	-16	14	-18	cell = 232 to 239
29	0	10	11	58	-38	10	-15	cell = 240 to 247
56	-8	-12	-15	24	10	26	-28	cell = 248 to 255
25	-26	74	7	42	1	82	-6	cell = 256 to 263
47	-33	64	-4	23	-26	20	8	cell = 264 to 271
1	-8	15	-16	49	-7	3	-30	cell = 272 to 279
48	-6	34	4	25	-36	58	-16	cell = 280 to 287
27	-11	22	-9	30	11	73	-11	cell = 288 to 295
28	-40	38	-43	44	22	20	-20	cell = 296 to 303
5	-38	44	6	3	0	26	-3	cell = 304 to 311
39	15	46	8	66	-36	40	4	cell = 312 to 319
75	-30	46	9	85	15	56	-53	cell = 320 to 327
8	-43	-1	-23	11	-48	36	-26	cell = 328 to 335
46	-43	-6	-13	78	-5	18	18	cell = 336 to 343
29	33	17	-40	41	30	48	16	cell = 344 to 351
48	25	49	16	66	-48	65	-31	cell = 352 to 359
37	-23	30	-31	50	-31	11	-56	cell = 360 to 367
66	-16	5	25	36	9	4	-6	cell = 368 to 375
62	-15	17	59	28	16	38	-32	cell = 376 to 383
38	-23	45	-19	68	-8	32	6	cell = 384 to 391
55	-42	45	-23	9	-1	68	5	cell = 392 to 399
32	0	8	-36	66	9	28	15	cell = 400 to 407
14	3	26	-27	29	16	18	-13	cell = 408 to 415
54	41	30	-17	17	-40	18	15	cell = 416 to 423
12	2	7	-21	17	-28	24	36	cell = 424 to 431
60	-24	59	43	79	-43	7	-5	cell = 432 to 439
7	33	61	-5	67	-14	6	-46	cell = 440 to 447
36	-39	-5	1	94	27	39	0	cell = 448 to 455
48	8	51	-34	6	27	31	4	cell = 456 to 463
43	12	35	-22	50	-26	-5	-26	cell = 464 to 471
46	-33	4	7	47	-47	65	-17	cell = 472 to 479
25	-30	74	-6	30	-46	4	-13	cell = 480 to 487
61	12	8	-9	56	-18	70	-3	cell = 488 to 495
54	30	-8	-102	-16	-84	20	-86	cell = 496 to 503
0	-42	51	12	30	-8	61	8	cell = 504 to 511
-44	-14	-20	-56	-2	9	-3	-11	cell = 512 to 519
15	-5	-61	10	-66	-50	-10	-1	cell = 520 to 527
-2	-55	-7	-4	-11	43	-10	36	cell = 528 to 535
-22	-4	-37	5	-51	9	-22	-64	cell = 536 to 543
18	0	-14	-4	-62	-49	17	-32	cell = 544 to 551
-49	-1	-14	0	-32	-33	2	-18	cell = 552 to 559
-7	-25	-6	5	-4	-24	24	2	cell = 560 to 567
-35	-26	12	-12	-20	2	0	-30	cell = 568 to 575
-30	-17	6	-36	0	-53	19	-19	cell = 576 to 583
-41	-20	8	-31	-37	17	9	-7	cell = 584 to 591
6	-23	-28	15	-9	6	-24	-41	cell = 592 to 599
-18	-3	-26	-10	-32	24	-1	-29	cell = 600 to 607
0	-26	-9	-12	-1	-5	-43	-20	cell = 608 to 615
-7	-18	-45	-12	-60	-19	8	-30	cell = 616 to 623
-15	15	5	29	-14	5	-6	-1	cell = 624 to 631
0	13	-22	-31	-35	12	18	22	cell = 632 to 639
-3	-10	-29	44	-46	-47	-15	-40	cell = 640 to 647
-24	-7	-9	-6	-39	-4	-19	-55	cell = 648 to 655
-33	22	-13	-81	-47	-2	-5	2	cell = 656 to 663
16	-7	4	24	-16	-26	-40	-30	cell = 664 to 671
-19	-41	-16	-10	-11	-13	0	-41	cell = 672 to 679
12	10	-17	-45	-9	-12	-26	-63	cell = 680 to 687
-10	-9	-54	3	-21	-42	-33	-50	cell = 688 to 695
-37	2	-44	-20	-25	15	5	-50	cell = 696 to 703
-33	14	17	33	0	3	3	-48	cell = 704 to 711
-3	-31	-16	-38	19	-17	-7	-21	cell = 712 to 719
12	12	-70	-7	-35	11	-14	-40	cell = 720 to 727
-16	16	9	-5	-27	-18	31	-43	cell = 728 to 735
-46	-10	-16	-56	-6	-40	14	-25	cell = 736 to 743
-20	4	-30	20	-17	2	23	-13	cell = 744 to 751
-16	-41	18	26	-14	-7	5	-18	cell = 752 to 759
-31	-39	-32	-55	9	-3	-28	26	cell = 760 to 767
-35	-8	-13	-26	-31	-17	-15	-13	cell = 768 to 775
-41	-11	-39	-9	7	-20	6	-25	cell = 776 to 783
30	17	-56	-38	-29	-21	0	-24	cell = 784 to 791
-28	-69	-10	-17	-22	-30	-2	-26	cell = 792 to 799
-37	-48	-6	-1	-14	9	-27	17	cell = 800 to 807
-36	13	0	-51	-16	-45	6	45	cell = 808 to 815
10	-8	27	18	-10	18	-38	-27	cell = 816 to 823
-15	-42	-69	-29	22	-29	-42	-10	cell = 824 to 831
12	-11	1	-14	-30	-23	-21	-20	cell = 832 to 839
-8	5	-3	-12	-28	-3	-11	-40	cell = 840 to 847
-32	9	-24	-13	-32	-22	6	-16	cell = 848 to 855
-9	-7	19	-8	21	-11	-46	32	cell = 856 to 863
-44	-7	-1	-3	42	-25	-8	5	cell = 864 to 871
-15	-7	6	-22	1	-12	-3	-42	cell = 872 to 879
-43	13	13	-29	-18	-65	-78	-5	cell = 880 to 887
-15	-12	4	0	-69	-46	12	-25	cell = 888 to 895
-73	-42	-14	-17	29	19	1	-24	cell = 896 to 903
-60	18	-13	2	-32	-39	-24	-39	cell = 904 to 911
-46	-34	12	-27	-13	15	-27	-20	cell = 912 to 919
-25	7	-48	-6	-2	-21	-19	17	cell = 920 to 927
-37	0	-19	14	-23	-31	28	-3	cell = 928 to 935
-21	-2	-42	15	-6	-22	-19	-3	cell = 936 to 943
2	10	-13	-13	-41	13	-23	17	cell = 944 to 951
-17	7	-35	-52	-26	-8	-14	10	cell = 952 to 959
-11	-14	-5	15	-33	-11	-2	-38	cell = 960 to 967
-1	6	-33	3	-26	20	5	1	cell = 968 to 975
-57	0	21	-29	-23	-13	-8	21	cell = 976 to 983
23	-28	-27	-34	-10	13	39	-50	cell = 984 to 991
-21	-9	20	-15	-7	12	23	-1	cell = 992 to 999
1	33	7	13	-5	13	-31	-36	cell = 1000 to 1007
-29	34	16	-2	-42	2	-16	-6	cell = 1008 to 1015
1	-7	-1	-18	-27	-34	-16	-36	cell = 1016 to 1023
Calibration values from cell 0 to 1024 for channel 8:

29	-40	92	12	35	-4	47	-3	cell = 0 to 7
42	14	11	30	72	-14	50	4	cell = 8 to 15
47	31	50	10	57	13	22	-5	cell = 16 to 23
55	36	56	-36	50	30	13	0	cell = 24 to 31
71	-11	36	-27	53	-11	113	-11	cell = 32 to 39
22	-8	80	-27	68	-33	31	5	cell = 40 to 47
51	22	53	-9	37	1	84	-8	cell = 48 to 55
34	-66	39	-13	33	-39	34	2	cell = 56 to 63
15	-21	61	25	46	11	19	-4	cell = 64 to 71
74	-2	26	-7	18	-42	70	-5	cell = 72 to 79
34	17	30	30	76	-32	59	32	cell = 80 to 87
107	-52	44	1	49	18	32	-9	cell = 88 to 95
76	-30	57	-22	11	-10	39	-4	cell = 96 to 103
3	-7	47	-7	56	-30	63	5	cell = 104 to 111
34	16	35	-6	70	3	39	9	cell = 112 to 119
18	15	55	-11	50	12	40	2	cell = 120 to 127
74	-8	-7	-36	89	-25	29	2	cell = 128 to 135
48	0	47	-40	52	3	62	2	cell = 136 to 143
47	-21	44	-9	74	0	54	-41	cell = 144 to 151
51	-33	75	-35	40	-10	28	0	cell = 152 to 159
53	-15	35	12	56	-22	27	39	cell = 160 to 167
51	-9	49	-8	14	-12	27	31	cell = 168 to 175
57	13	73	-23	51	-2	21	-2	cell = 176 to 183
15	28	62	16	45	-19	59	25	cell = 184 to 191
20	-11	47	-4	55	-50	76	0	cell = 192 to 199
65	-25	17	15	39	6	32	24	cell = 200 to 207
59	13	34	11	53	-22	69	-12	cell = 208 to 215
92	-22	1	10	7	-42	28	-13	cell = 216 to 223
63	18	44	-4	38	-21	30	-26	cell = 224 to 231
24	-37	65	-14	14	-13	58	72	cell = 232 to 239
47	43	36	-29	14	-42	46	-22	cell = 240 to 247
64	-13	4	-2	65	-5	12	-4	cell = 248 to 255
32	-14	28	-14	74	2	54	14	cell = 256 to 263
18	12	1	-47	49	9	64	-10	cell = 264 to 271
88	-5	30	25	15	-45	20	13	cell = 272 to 279
36	-24	12	4	67	-20	39	-19	cell = 280 to 287
28	-18	39	25	58	-12	28	-14	cell = 288 to 295
6	-36	55	11	32	35	16	-34	cell = 296 to 303
69	-35	107	-52	13	-16	25	-37	cell = 304 to 311
13	-21	18	0	55	-22	46	-11	cell = 312 to 319
77	4	53	13	22	-4	44	-11	cell = 320 to 327
34	14	19	0	75	-33	83	-44	cell = 328 to 335
5	-21	43	2	61	-35	36	-27	cell = 336 to 343
16	-17	56	-31	11	-26	42	-8	cell = 344 to 351
36	-42	76	3	45	-6	15	-21	cell = 352 to 359
15	-43	71	1	47	1	49	-5	cell = 360 to 367
34	-39	44	-29	53	-64	62	15	cell = 368 to 375
26	6	39	-53	35	-22	13	-1	cell = 376 to 383
50	-19	71	30	24	13	18	-10	cell = 384 to 391
69	-20	11	-12	67	-6	14	47	cell = 392 to 399
57	18	36	26	69	-24	30	12	cell = 400 to 407
51	-34	12	-28	49	-4	36	-20	cell = 408 to 415
47	9	63	5	42	-53	-18	1	cell = 416 to 423
27	-25	6	31	38	-26	23	20	cell = 424 to 431
57	-25	15	-6	30	39	29	-21	cell = 432 to 439
42	2	82	-16	51	-35	-6	16	cell = 440 to 447
16	15	20	-20	35	-5	37	2	cell = 448 to 455
79	-21	30	14	10	3	69	-11	cell = 456 to 463
47	-21	59	-48	32	9	59	0	cell = 464 to 471
42	2	52	-21	12	5	42	20	cell = 472 to 479
46	-27	63	14	59	12	29	16	cell = 480 to 487
52	-48	49	-12	69	-38	44	-15	cell = 488 to 495
40	8	11	-69	-43	-74	-34	-58	cell = 496 to 503
39	-36	16	-31	63	-12	39	0	cell = 504 to 511
-32	-18	-60	-14	-43	-2	12	-29	cell = 512 to 519
-69	-4	-54	-8	-2	-45	-54	0	cell = 520 to 527
13	-38	-8	-4	-6	-43	-52	-32	cell = 528 to 535
-41	-14	-52	6	11	-43	-4	24	cell = 536 to 543
-18	-14	43	-10	-40	-9	-33	-1	cell = 544 to 551
-56	1	-23	-29	-48	-22	-23	-18	cell = 552 to 559
-21	-8	-38	-27	-15	-43	-22	-15	cell = 560 to 567
-26	-7	-5	6	-24	-9	-2	-22	cell = 568 to 575
-9	-2	33	-38	-59	-7	-45	-8	cell = 576 to 583
-11	-11	-20	-32	-23	13	-48	-33	cell = 584 to 591
-36	3	-32	-18	-23	18	-4	-24	cell = 592 to 599
-60	13	-28	-10	-29	6	9	-18	cell = 600 to 607
-47	-48	-14	-3	-39	-8	-35	-21	cell = 608 to 615
-14	-11	-24	-57	-23	2	3	-45	cell = 616 to 623
-27	-4	-20	30	-15	-5	-34	-11	cell = 624 to 631
-37	24	-19	-36	-42	-35	0	-19	cell = 632 to 639
-7	-22	-9	-16	-30	19	-18	-17	cell = 640 to 647
-7	-15	-6	-15	-23	-34	-11	-21	cell = 648 to 655
0	-20	-8	-50	-41	33	-70	-26	cell = 656 to 663
-6	-11	-38	-40	-50	10	8	-10	cell = 664 to 671
-61	2	-44	-27	-11	-35	2	-13	cell = 672 to 679
-30	9	-35	-8	-37	-3	-27	-1	cell = 680 to 687
3	27	-16	1	-36	21	-23	-62	cell = 688 to 695
-27	-9	23	13	-7	-25	-7	-47	cell = 696 to 703
-43	-34	8	21	-9	3	-42	-28	cell = 704 to 711
-12	18	-3	-79	-71	-19	-74	-28	cell = 712 to 719
-17	-24	-45	-14	-11	-5	-26	-3	cell = 720 to 727
-38	-26	-22	-20	-31	0	-7	-21	cell = 728 to 735
-35	-28	-23	-24	-12	5	-20	13	cell = 736 to 743
-40	-18	-35	-41	-8	-9	-55	-1	cell = 744 to 751
-28	15	-15	-27	-24	-24	-17	16	cell = 752 to 759
-70	10	-4	5	10	-1	-23	23	cell = 760 to 767
-21	-51	13	-14	-17	-16	-22	-28	cell = 768 to 775
9	4	-4	14	-34	-4	-6	11	cell = 776 to 783
20	8	35	35	-6	10	-3	-11	cell = 784 to 791
-6	-44	-29	-26	-29	0	-54	-5	cell = 792 to 799
-31	-20	7	-27	14	0	-34	-57	cell = 800 to 807
-62	7	-13	-25	-15	-11	-26	-21	cell = 808 to 815
3	-52	-8	-9	-17	-20	-58	12	cell = 816 to 823
-51	22	-36	-27	-38	-17	31	-4	cell = 824 to 831
-28	-26	-10	-30	20	-32	-33	-5	cell = 832 to 839
17	6	-2	-3	6	42	-23	-33	cell = 840 to 847
-43	-46	7	-24	-5	-44	-35	-13	cell = 848 to 855
-11	-27	-25	7	-13	-15	6	-37	cell = 856 to 863
-41	-38	-40	-17	-20	-16	-10	-20	cell = 864 to 871
22	-9	-4	-15	-21	-29	-6	-11	cell = 872 to 879
-14	-5	-16	-35	-31	-31	-48	-28	cell = 880 to 887
-37	-19	1	-26	-28	-19	-14	-22	cell = 888 to 895
-27	-19	-18	-7	-29	-23	-29	-42	cell = 896 to 903
-29	11	-29	-18	-33	-19	-23	-46	cell = 904 to 911
-6	-7	-23	-32	-17	-16	25	4	cell = 912 to 919
-5	30	-36	-28	-24	9	-9	-25	cell = 920 to 927
-48	23	-36	-18	-20	-27	-30	6	cell = 928 to 935
5	-40	-59	-47	-4	-16	-15	4	cell = 936 to 943
-34	4	32	42	1	-10	-8	-18	cell = 944 to 951
5	-7	-52	4	-41	-26	-43	-18	cell = 952 to 959
-43	17	-26	-9	-10	37	-17	16	cell = 960 to 967
-6	24	-6	-21	5	-27	34	-6	cell = 968 to 975
-23	-28	-4	-1	-8	-9	15	-18	cell = 976 to 983
-27	-24	-26	-7	-30	-42	-55	-41	cell = 984 to 991
-6	-24	-10	-9	-14	-25	5	0	cell = 992 to 999
-20	-47	-30	16	-26	18	-18	-5	cell = 1000 to 1007
9	-24	-14	-1	-32	7	-35	-28	cell = 1008 to 1015
-24	-22	-29	-61	4	-15	-13	-15	cell = 1016 to 1023
