Calibration values (ps) from cell 0 to 1024 :

00000.000	00001.279	00002.562	00003.851	00005.130	00006.418	00007.711	00009.018	cell = 0 to 7
00010.333	00011.644	00012.958	00014.308	00015.652	00016.997	00018.362	00019.735	cell = 8 to 15
00021.122	00022.512	00023.885	00025.241	00026.598	00027.962	00029.312	00030.665	cell = 16 to 23
00032.020	00033.395	00034.757	00036.117	00037.456	00038.812	00040.163	00041.501	cell = 24 to 31
00042.844	00044.201	00045.570	00046.959	00048.360	00049.769	00051.151	00052.533	cell = 32 to 39
00053.894	00055.269	00056.656	00058.025	00059.370	00060.715	00062.079	00063.449	cell = 40 to 47
00064.803	00066.142	00067.455	00068.790	00070.128	00071.473	00072.827	00074.174	cell = 48 to 55
00075.481	00076.777	00078.105	00079.462	00080.818	00082.170	00083.535	00084.915	cell = 56 to 63
00086.295	00087.663	00088.993	00090.299	00091.583	00092.853	00094.152	00095.507	cell = 64 to 71
00096.867	00098.209	00099.556	00100.898	00102.222	00103.532	00104.841	00106.138	cell = 72 to 79
00107.447	00108.791	00110.154	00111.546	00112.946	00114.320	00115.686	00117.068	cell = 80 to 87
00118.454	00119.823	00121.191	00122.574	00123.948	00125.329	00126.695	00128.062	cell = 88 to 95
00129.411	00130.752	00132.080	00133.423	00134.774	00136.089	00137.398	00138.724	cell = 96 to 103
00140.053	00141.385	00142.723	00144.081	00145.453	00146.831	00148.207	00149.580	cell = 104 to 111
00150.951	00152.309	00153.638	00154.969	00156.325	00157.685	00159.034	00160.395	cell = 112 to 119
00161.746	00163.081	00164.384	00165.681	00166.986	00168.312	00169.652	00170.997	cell = 120 to 127
00172.351	00173.715	00175.061	00176.408	00177.761	00179.110	00180.445	00181.786	cell = 128 to 135
00183.146	00184.531	00185.908	00187.268	00188.595	00189.922	00191.270	00192.640	cell = 136 to 143
00194.012	00195.381	00196.726	00198.061	00199.391	00200.729	00202.063	00203.412	cell = 144 to 151
00204.763	00206.121	00207.493	00208.860	00210.204	00211.529	00212.845	00214.174	cell = 152 to 159
00215.503	00216.836	00218.181	00219.529	00220.869	00222.214	00223.551	00224.891	cell = 160 to 167
00226.240	00227.596	00228.948	00230.303	00231.656	00232.999	00234.340	00235.712	cell = 168 to 175
00237.094	00238.470	00239.834	00241.198	00242.546	00243.898	00245.244	00246.594	cell = 176 to 183
00247.949	00249.314	00250.673	00252.032	00253.378	00254.714	00256.059	00257.410	cell = 184 to 191
00258.748	00260.092	00261.433	00262.774	00264.113	00265.449	00266.774	00268.095	cell = 192 to 199
00269.424	00270.785	00272.173	00273.570	00274.958	00276.325	00277.673	00279.031	cell = 200 to 207
00280.383	00281.732	00283.068	00284.402	00285.740	00287.093	00288.454	00289.817	cell = 208 to 215
00291.143	00292.449	00293.750	00295.050	00296.357	00297.670	00298.995	00300.339	cell = 216 to 223
00301.698	00303.063	00304.425	00305.772	00307.085	00308.389	00309.693	00310.999	cell = 224 to 231
00312.306	00313.634	00314.992	00316.364	00317.741	00319.089	00320.430	00321.776	cell = 232 to 239
00323.130	00324.494	00325.878	00327.267	00328.648	00330.025	00331.416	00332.804	cell = 240 to 247
00334.152	00335.465	00336.765	00338.085	00339.426	00340.777	00342.126	00343.473	cell = 248 to 255
00344.793	00346.112	00347.441	00348.780	00350.112	00351.423	00352.733	00354.065	cell = 256 to 263
00355.421	00356.792	00358.149	00359.500	00360.841	00362.173	00363.516	00364.874	cell = 264 to 271
00366.226	00367.569	00368.902	00370.230	00371.560	00372.894	00374.235	00375.605	cell = 272 to 279
00376.964	00378.308	00379.640	00380.967	00382.284	00383.584	00384.886	00386.188	cell = 280 to 287
00387.495	00388.818	00390.171	00391.543	00392.897	00394.235	00395.555	00396.874	cell = 288 to 295
00398.196	00399.522	00400.844	00402.161	00403.501	00404.858	00406.227	00407.603	cell = 296 to 303
00408.960	00410.303	00411.624	00412.915	00414.208	00415.512	00416.838	00418.173	cell = 304 to 311
00419.510	00420.848	00422.195	00423.533	00424.874	00426.215	00427.547	00428.876	cell = 312 to 319
00430.197	00431.519	00432.874	00434.250	00435.588	00436.899	00438.217	00439.553	cell = 320 to 327
00440.893	00442.230	00443.561	00444.896	00446.233	00447.562	00448.886	00450.208	cell = 328 to 335
00451.531	00452.843	00454.155	00455.510	00456.887	00458.254	00459.614	00460.971	cell = 336 to 343
00462.332	00463.667	00464.980	00466.288	00467.608	00468.931	00470.247	00471.548	cell = 344 to 351
00472.854	00474.149	00475.432	00476.727	00478.023	00479.330	00480.632	00481.924	cell = 352 to 359
00483.246	00484.583	00485.932	00487.282	00488.630	00489.985	00491.347	00492.716	cell = 360 to 367
00494.088	00495.459	00496.815	00498.149	00499.468	00500.789	00502.094	00503.390	cell = 368 to 375
00504.684	00505.968	00507.254	00508.570	00509.918	00511.281	00512.655	00514.018	cell = 376 to 383
00515.379	00516.734	00518.098	00519.460	00520.831	00522.215	00523.590	00524.978	cell = 384 to 391
00526.372	00527.755	00529.109	00530.445	00531.772	00533.096	00534.427	00535.768	cell = 392 to 399
00537.107	00538.447	00539.781	00541.128	00542.489	00543.860	00545.219	00546.567	cell = 400 to 407
00547.912	00549.246	00550.565	00551.889	00553.215	00554.540	00555.867	00557.219	cell = 408 to 415
00558.594	00559.976	00561.338	00562.669	00563.987	00565.308	00566.641	00567.984	cell = 416 to 423
00569.345	00570.695	00572.033	00573.368	00574.697	00576.025	00577.353	00578.675	cell = 424 to 431
00580.007	00581.355	00582.712	00584.061	00585.398	00586.739	00588.068	00589.409	cell = 432 to 439
00590.767	00592.130	00593.497	00594.845	00596.162	00597.477	00598.785	00600.081	cell = 440 to 447
00601.382	00602.685	00603.991	00605.281	00606.563	00607.860	00609.172	00610.509	cell = 448 to 455
00611.859	00613.194	00614.526	00615.866	00617.195	00618.532	00619.865	00621.184	cell = 456 to 463
00622.520	00623.869	00625.229	00626.582	00627.894	00629.173	00630.441	00631.708	cell = 464 to 471
00632.998	00634.304	00635.618	00636.943	00638.264	00639.584	00640.910	00642.204	cell = 472 to 479
00643.485	00644.775	00646.070	00647.387	00648.722	00650.063	00651.380	00652.669	cell = 480 to 487
00653.979	00655.276	00656.567	00657.844	00659.104	00660.370	00661.656	00662.959	cell = 488 to 495
00664.286	00665.601	00666.907	00668.204	00669.468	00670.757	00672.052	00673.323	cell = 496 to 503
00674.585	00675.848	00677.136	00678.444	00679.756	00681.059	00682.354	00683.645	cell = 504 to 511
00684.943	00686.244	00687.552	00688.901	00690.231	00691.531	00692.858	00694.189	cell = 512 to 519
00695.511	00696.807	00698.091	00699.405	00700.723	00702.030	00703.335	00704.621	cell = 520 to 527
00705.922	00707.214	00708.479	00709.769	00711.076	00712.382	00713.695	00715.031	cell = 528 to 535
00716.406	00717.756	00719.077	00720.391	00721.715	00723.038	00724.355	00725.665	cell = 536 to 543
00726.992	00728.317	00729.630	00730.955	00732.293	00733.613	00734.908	00736.213	cell = 544 to 551
00737.548	00738.872	00740.192	00741.523	00742.852	00744.167	00745.480	00746.798	cell = 552 to 559
00748.137	00749.474	00750.799	00752.129	00753.461	00754.782	00756.078	00757.367	cell = 560 to 567
00758.683	00759.990	00761.285	00762.593	00763.940	00765.294	00766.626	00767.951	cell = 568 to 575
00769.283	00770.611	00771.936	00773.262	00774.590	00775.929	00777.259	00778.580	cell = 576 to 583
00779.929	00781.287	00782.617	00783.937	00785.269	00786.579	00787.874	00789.187	cell = 584 to 591
00790.520	00791.848	00793.186	00794.534	00795.879	00797.226	00798.575	00799.925	cell = 592 to 599
00801.275	00802.594	00803.903	00805.225	00806.583	00807.934	00809.263	00810.603	cell = 600 to 607
00811.960	00813.299	00814.633	00815.961	00817.283	00818.591	00819.888	00821.216	cell = 608 to 615
00822.582	00823.953	00825.292	00826.626	00827.969	00829.297	00830.590	00831.888	cell = 616 to 623
00833.212	00834.547	00835.894	00837.256	00838.628	00839.985	00841.318	00842.654	cell = 624 to 631
00844.001	00845.347	00846.679	00848.005	00849.351	00850.702	00852.042	00853.379	cell = 632 to 639
00854.705	00856.018	00857.334	00858.668	00860.009	00861.336	00862.654	00863.967	cell = 640 to 647
00865.289	00866.620	00867.960	00869.306	00870.654	00871.990	00873.320	00874.661	cell = 648 to 655
00875.994	00877.294	00878.581	00879.872	00881.180	00882.507	00883.838	00885.171	cell = 656 to 663
00886.505	00887.828	00889.139	00890.464	00891.805	00893.135	00894.445	00895.767	cell = 664 to 671
00897.109	00898.442	00899.758	00901.056	00902.357	00903.672	00905.003	00906.354	cell = 672 to 679
00907.718	00909.061	00910.360	00911.649	00912.959	00914.275	00915.583	00916.904	cell = 680 to 687
00918.251	00919.612	00920.988	00922.350	00923.682	00924.982	00926.259	00927.529	cell = 688 to 695
00928.809	00930.104	00931.400	00932.701	00934.013	00935.338	00936.653	00937.967	cell = 696 to 703
00939.279	00940.576	00941.857	00943.138	00944.414	00945.700	00946.995	00948.320	cell = 704 to 711
00949.651	00950.979	00952.292	00953.597	00954.917	00956.250	00957.582	00958.916	cell = 712 to 719
00960.258	00961.598	00962.938	00964.283	00965.643	00966.987	00968.321	00969.663	cell = 720 to 727
00971.036	00972.422	00973.791	00975.141	00976.464	00977.769	00979.070	00980.387	cell = 728 to 735
00981.732	00983.083	00984.421	00985.755	00987.088	00988.426	00989.755	00991.077	cell = 736 to 743
00992.409	00993.739	00995.056	00996.392	00997.742	00999.088	01000.414	01001.741	cell = 744 to 751
01003.096	01004.484	01005.872	01007.258	01008.635	01010.002	01011.360	01012.710	cell = 752 to 759
01014.068	01015.417	01016.765	01018.116	01019.472	01020.821	01022.146	01023.461	cell = 760 to 767
01024.774	01026.091	01027.408	01028.720	01030.027	01031.340	01032.656	01033.972	cell = 768 to 775
01035.305	01036.633	01037.969	01039.314	01040.691	01042.082	01043.455	01044.803	cell = 776 to 783
01046.142	01047.485	01048.839	01050.211	01051.591	01052.965	01054.341	01055.733	cell = 784 to 791
01057.130	01058.513	01059.873	01061.205	01062.543	01063.898	01065.253	01066.614	cell = 792 to 799
01067.959	01069.292	01070.625	01071.971	01073.328	01074.674	01076.014	01077.335	cell = 800 to 807
01078.645	01079.968	01081.298	01082.619	01083.942	01085.269	01086.598	01087.948	cell = 808 to 815
01089.311	01090.657	01091.999	01093.334	01094.654	01095.967	01097.291	01098.625	cell = 816 to 823
01099.958	01101.303	01102.656	01104.012	01105.369	01106.704	01108.032	01109.368	cell = 824 to 831
01110.688	01111.987	01113.279	01114.588	01115.904	01117.219	01118.536	01119.875	cell = 832 to 839
01121.221	01122.557	01123.885	01125.219	01126.569	01127.889	01129.193	01130.516	cell = 840 to 847
01131.861	01133.219	01134.566	01135.914	01137.267	01138.586	01139.875	01141.155	cell = 848 to 855
01142.457	01143.779	01145.101	01146.429	01147.796	01149.162	01150.511	01151.843	cell = 856 to 863
01153.181	01154.526	01155.867	01157.221	01158.615	01160.018	01161.413	01162.792	cell = 864 to 871
01164.160	01165.504	01166.831	01168.160	01169.498	01170.842	01172.189	01173.542	cell = 872 to 879
01174.896	01176.230	01177.566	01178.908	01180.244	01181.557	01182.856	01184.169	cell = 880 to 887
01185.492	01186.809	01188.123	01189.455	01190.795	01192.117	01193.437	01194.775	cell = 888 to 895
01196.120	01197.432	01198.726	01200.035	01201.348	01202.671	01203.992	01205.328	cell = 896 to 903
01206.671	01207.989	01209.279	01210.576	01211.887	01213.178	01214.453	01215.724	cell = 904 to 911
01217.006	01218.295	01219.587	01220.900	01222.217	01223.519	01224.803	01226.093	cell = 912 to 919
01227.417	01228.754	01230.090	01231.437	01232.781	01234.104	01235.434	01236.768	cell = 920 to 927
01238.107	01239.426	01240.714	01242.019	01243.363	01244.708	01246.042	01247.379	cell = 928 to 935
01248.722	01250.031	01251.331	01252.650	01253.993	01255.326	01256.647	01257.989	cell = 936 to 943
01259.358	01260.725	01262.083	01263.428	01264.758	01266.064	01267.343	01268.633	cell = 944 to 951
01269.960	01271.288	01272.605	01273.929	01275.256	01276.576	01277.886	01279.204	cell = 952 to 959
01280.528	01281.847	01283.172	01284.512	01285.854	01287.193	01288.507	01289.806	cell = 960 to 967
01291.094	01292.367	01293.639	01294.929	01296.252	01297.573	01298.886	01300.216	cell = 968 to 975
01301.544	01302.840	01304.125	01305.428	01306.758	01308.095	01309.434	01310.790	cell = 976 to 983
01312.178	01313.536	01314.848	01316.166	01317.472	01318.739	01319.998	01321.279	cell = 984 to 991
01322.593	01323.909	01325.198	01326.485	01327.784	01329.099	01330.427	01331.734	cell = 992 to 999
01333.062	01334.425	01335.777	01337.119	01338.464	01339.799	01341.133	01342.448	cell = 1000 to 1007
01343.763	01345.136	01346.535	01347.908	01349.259	01350.622	01351.983	01353.316	cell = 1008 to 1015
01354.637	01355.969	01357.323	01358.684	01360.025	01361.372	01362.720	01364.039	cell = 1016 to 1023
