Calibration values from cell 0 to 1024 for channel 0:

42	-40	82	-46	31	10	44	-21	cell = 0 to 7
-7	-12	23	-17	45	-42	20	2	cell = 8 to 15
18	-33	17	-23	81	-33	66	-21	cell = 16 to 23
35	-28	57	-63	76	-35	33	-40	cell = 24 to 31
54	0	86	3	47	15	20	-4	cell = 32 to 39
13	-11	67	-1	51	26	54	-10	cell = 40 to 47
30	-23	19	-23	77	-30	1	-16	cell = 48 to 55
29	2	62	-4	55	-22	38	-37	cell = 56 to 63
51	13	52	-50	37	32	74	-71	cell = 64 to 71
33	-24	53	-25	32	23	55	25	cell = 72 to 79
60	-2	94	4	56	-19	53	-18	cell = 80 to 87
-5	20	48	52	27	1	64	21	cell = 88 to 95
53	-36	29	-16	62	-5	72	-24	cell = 96 to 103
32	1	73	-19	47	6	8	-23	cell = 104 to 111
98	2	25	-15	45	10	35	-29	cell = 112 to 119
-7	-27	88	-27	37	-31	28	13	cell = 120 to 127
33	17	8	-30	50	21	61	14	cell = 128 to 135
31	-7	67	21	60	10	85	-17	cell = 136 to 143
50	8	24	4	54	-38	38	-39	cell = 144 to 151
17	-51	39	-5	51	-24	23	-23	cell = 152 to 159
44	9	71	18	12	-25	61	-20	cell = 160 to 167
24	15	-12	3	62	-37	56	-17	cell = 168 to 175
31	-9	48	-15	68	-9	49	-8	cell = 176 to 183
48	3	61	-33	23	-47	61	-32	cell = 184 to 191
23	-32	46	-8	76	-24	68	-42	cell = 192 to 199
38	37	67	-19	20	5	31	-13	cell = 200 to 207
32	1	48	0	37	10	56	8	cell = 208 to 215
40	-3	59	-30	71	53	58	-14	cell = 216 to 223
60	-8	82	-36	31	-11	24	-36	cell = 224 to 231
21	16	48	-60	75	-23	37	-18	cell = 232 to 239
73	-25	39	-26	12	-7	26	-53	cell = 240 to 247
9	10	43	-60	55	27	49	-24	cell = 248 to 255
40	26	33	4	70	-9	22	8	cell = 256 to 263
57	-15	66	5	16	-13	44	17	cell = 264 to 271
50	1	84	-27	31	20	26	-9	cell = 272 to 279
40	18	33	-24	25	32	40	-10	cell = 280 to 287
47	9	72	-33	13	-2	25	41	cell = 288 to 295
30	-2	54	-23	-12	13	54	-38	cell = 296 to 303
-3	-34	80	-3	6	6	5	10	cell = 304 to 311
22	36	44	-18	62	-4	63	-10	cell = 312 to 319
1	-9	34	-14	21	4	36	-3	cell = 320 to 327
41	-23	77	-14	52	-25	64	6	cell = 328 to 335
-4	7	9	7	27	-4	21	24	cell = 336 to 343
18	1	29	-22	28	-37	35	-3	cell = 344 to 351
62	26	45	-38	53	-19	13	-8	cell = 352 to 359
50	23	52	-51	51	-45	18	26	cell = 360 to 367
28	1	78	-6	76	35	40	-54	cell = 368 to 375
67	-13	24	-9	28	-18	39	-22	cell = 376 to 383
78	-9	79	-8	15	-18	28	-20	cell = 384 to 391
55	-15	62	3	45	0	60	-41	cell = 392 to 399
21	24	37	-31	43	-3	7	-3	cell = 400 to 407
17	-17	45	20	64	-11	39	-38	cell = 408 to 415
21	-21	43	-5	48	-18	55	-7	cell = 416 to 423
42	-23	53	-13	71	-26	40	-34	cell = 424 to 431
42	23	62	-17	-2	-9	38	-25	cell = 432 to 439
31	-9	42	-1	32	-7	17	-36	cell = 440 to 447
22	-16	67	-6	53	-30	17	-9	cell = 448 to 455
73	-19	78	-28	10	-8	-2	0	cell = 456 to 463
-4	-17	61	-62	52	-11	41	-3	cell = 464 to 471
5	1	44	20	86	-23	74	1	cell = 472 to 479
53	3	30	-32	49	-2	90	-13	cell = 480 to 487
38	14	64	-54	23	-28	31	-27	cell = 488 to 495
20	-2	-5	-88	-10	-82	-45	-75	cell = 496 to 503
15	32	60	-20	52	-4	7	-18	cell = 504 to 511
-14	11	-13	-36	-18	1	-50	-10	cell = 512 to 519
-25	-5	-11	-17	-16	-1	-7	-1	cell = 520 to 527
-3	23	17	-38	-17	-18	-17	-53	cell = 528 to 535
-19	-25	-27	35	0	-26	-6	25	cell = 536 to 543
2	-42	-68	12	-23	7	1	-39	cell = 544 to 551
-10	-26	-38	-27	0	-7	-61	10	cell = 552 to 559
-12	-4	19	-20	0	-31	-38	-16	cell = 560 to 567
22	-38	-31	-42	-20	-15	-7	-7	cell = 568 to 575
-32	-26	-16	-18	-2	-7	1	-19	cell = 576 to 583
-50	-66	14	45	-20	-24	-16	-2	cell = 584 to 591
-48	-9	-36	3	10	-34	-7	15	cell = 592 to 599
8	-29	-22	-32	-39	17	-48	-50	cell = 600 to 607
-10	-6	-22	-21	-12	-46	-33	-9	cell = 608 to 615
-35	-33	-17	-16	-39	-27	-11	14	cell = 616 to 623
24	9	-30	-18	13	-45	-16	-52	cell = 624 to 631
-27	-1	-29	-18	-44	-8	-4	-2	cell = 632 to 639
-35	-8	-26	5	-21	-15	-32	-44	cell = 640 to 647
-11	11	-53	7	6	-34	-21	-2	cell = 648 to 655
29	9	-10	20	-16	-15	-13	12	cell = 656 to 663
12	-20	-4	-9	-28	-28	18	18	cell = 664 to 671
-27	-15	-12	-48	14	-34	-8	39	cell = 672 to 679
38	-9	-34	9	-38	-9	-16	13	cell = 680 to 687
-25	-18	-20	-24	-42	30	-37	-54	cell = 688 to 695
9	-32	20	-23	-1	-13	-17	-13	cell = 696 to 703
-18	-26	-46	-1	-33	-24	-49	-21	cell = 704 to 711
-9	-14	-36	-4	-3	-24	-46	5	cell = 712 to 719
-43	-20	-27	-5	3	-27	-57	-41	cell = 720 to 727
28	-4	-16	-18	7	4	-28	-43	cell = 728 to 735
-20	-20	33	-32	21	12	6	-42	cell = 736 to 743
-2	4	-53	-51	-8	-13	-4	-13	cell = 744 to 751
13	13	-27	11	1	-29	-5	15	cell = 752 to 759
21	-54	-5	-64	27	-20	-45	-41	cell = 760 to 767
-11	-39	-24	-30	-5	-32	-68	-33	cell = 768 to 775
-11	25	5	13	-11	-9	-1	-29	cell = 776 to 783
-4	29	1	-1	20	-10	-48	18	cell = 784 to 791
-23	-39	-5	26	-29	-40	-40	27	cell = 792 to 799
-7	16	-5	-24	-24	2	-33	-19	cell = 800 to 807
-13	19	10	14	-24	1	-19	-45	cell = 808 to 815
3	-14	-21	16	-38	2	-26	4	cell = 816 to 823
-12	-16	-33	0	-23	-37	-1	-10	cell = 824 to 831
-50	8	-34	5	-62	-24	-18	22	cell = 832 to 839
23	-5	-23	-15	-28	-23	-23	-42	cell = 840 to 847
-16	5	-63	-17	-24	-8	-65	-42	cell = 848 to 855
-11	15	7	-16	22	-19	-48	21	cell = 856 to 863
-13	-20	-23	-51	-18	-59	-22	-5	cell = 864 to 871
7	-7	-10	6	-26	-33	-10	12	cell = 872 to 879
-9	0	29	3	-7	32	-40	35	cell = 880 to 887
-13	24	16	-48	30	12	-13	0	cell = 888 to 895
-38	-11	30	5	-32	-17	-53	-26	cell = 896 to 903
-33	-36	-37	-6	-33	5	-67	-40	cell = 904 to 911
26	5	13	-30	-21	14	13	19	cell = 912 to 919
-52	-16	-56	-7	-6	-26	-17	-20	cell = 920 to 927
7	11	-37	-25	-18	-22	-29	-66	cell = 928 to 935
25	-18	-9	-20	17	11	-25	-26	cell = 936 to 943
-33	-22	-13	-5	-48	19	-50	-44	cell = 944 to 951
-21	-48	-36	-16	-58	-44	-41	-27	cell = 952 to 959
2	15	-17	-38	9	2	-4	-45	cell = 960 to 967
36	-43	-18	-29	-11	-24	-22	-11	cell = 968 to 975
20	-18	-7	11	-26	-10	-22	-21	cell = 976 to 983
-9	-6	-49	2	-21	-64	2	-37	cell = 984 to 991
-9	-25	-24	4	2	-11	-47	-28	cell = 992 to 999
6	-57	-32	-22	-44	-53	-73	1	cell = 1000 to 1007
-16	-9	-18	-31	-11	1	-24	-19	cell = 1008 to 1015
-26	-20	-41	-3	-29	-6	-20	-39	cell = 1016 to 1023
Calibration values from cell 0 to 1024 for channel 1:

86	-2	82	-8	44	18	22	4	cell = 0 to 7
14	-6	14	-5	39	-10	65	28	cell = 8 to 15
38	-2	74	29	12	2	91	-42	cell = 16 to 23
17	-2	72	-25	35	-18	60	-2	cell = 24 to 31
17	-8	44	-19	65	0	72	5	cell = 32 to 39
11	-45	31	-36	35	-28	48	10	cell = 40 to 47
-5	17	32	6	-2	10	64	-21	cell = 48 to 55
29	23	29	-1	76	-34	38	4	cell = 56 to 63
34	-29	25	-40	-8	4	32	-31	cell = 64 to 71
23	-14	0	-18	64	-15	37	-4	cell = 72 to 79
30	-39	46	-3	65	1	40	-19	cell = 80 to 87
56	1	42	25	47	-10	33	-16	cell = 88 to 95
66	-9	27	-12	30	7	56	16	cell = 96 to 103
88	-38	57	31	63	-7	57	14	cell = 104 to 111
22	33	76	-4	32	-8	52	2	cell = 112 to 119
62	-2	0	-13	40	-16	46	51	cell = 120 to 127
18	27	46	20	44	-12	7	7	cell = 128 to 135
25	-12	35	7	36	22	31	-34	cell = 136 to 143
55	-19	19	-15	28	-55	20	-3	cell = 144 to 151
16	24	63	-12	21	-6	24	-18	cell = 152 to 159
84	3	45	-25	20	-12	64	-21	cell = 160 to 167
66	-29	48	0	26	4	42	31	cell = 168 to 175
20	-7	19	-17	40	20	10	18	cell = 176 to 183
16	3	-13	-47	26	14	7	-3	cell = 184 to 191
48	20	68	-1	21	-11	44	-24	cell = 192 to 199
16	9	68	-11	13	35	19	-45	cell = 200 to 207
42	-18	39	-14	40	-17	45	-45	cell = 208 to 215
30	15	13	-1	77	24	32	-35	cell = 216 to 223
30	-30	54	24	-2	-51	32	-30	cell = 224 to 231
14	13	89	-21	50	35	57	11	cell = 232 to 239
47	-14	45	-21	1	-30	72	-15	cell = 240 to 247
75	-15	33	-49	33	19	66	-13	cell = 248 to 255
57	18	72	-8	61	-30	35	35	cell = 256 to 263
6	-41	95	36	23	-19	25	-6	cell = 264 to 271
15	-21	49	-38	36	-13	45	-44	cell = 272 to 279
-1	19	59	24	22	-9	56	-44	cell = 280 to 287
15	-39	44	-27	4	1	45	-41	cell = 288 to 295
71	0	39	-33	61	31	54	-27	cell = 296 to 303
7	-35	70	-13	48	35	35	-10	cell = 304 to 311
26	-4	46	4	10	-4	56	-29	cell = 312 to 319
65	15	84	0	32	7	35	-2	cell = 320 to 327
44	0	1	-12	16	23	51	24	cell = 328 to 335
67	-19	8	0	25	-18	76	-18	cell = 336 to 343
79	-11	26	-28	68	-29	12	5	cell = 344 to 351
66	-16	90	1	46	-13	72	-19	cell = 352 to 359
71	11	93	-17	63	-12	48	5	cell = 360 to 367
4	17	54	-32	26	0	73	8	cell = 368 to 375
54	4	93	-34	41	-27	36	-35	cell = 376 to 383
74	24	49	-22	24	-21	53	-22	cell = 384 to 391
45	-20	26	-10	27	11	28	-12	cell = 392 to 399
9	4	11	-33	36	-4	38	-19	cell = 400 to 407
25	15	53	-8	60	-8	21	-33	cell = 408 to 415
61	3	67	-1	53	1	44	-54	cell = 416 to 423
52	-19	33	-40	58	-16	33	5	cell = 424 to 431
45	-17	73	-3	25	-10	49	-49	cell = 432 to 439
44	4	43	17	43	-8	81	2	cell = 440 to 447
34	-37	40	21	56	32	19	-24	cell = 448 to 455
17	-42	60	-31	7	23	67	6	cell = 456 to 463
13	-15	39	-44	-12	-11	76	-5	cell = 464 to 471
35	7	61	-21	82	-8	31	-41	cell = 472 to 479
27	5	78	11	97	-49	15	-10	cell = 480 to 487
31	20	88	-17	0	-19	66	-42	cell = 488 to 495
59	-22	26	-36	-44	-92	-10	-88	cell = 496 to 503
35	-10	39	-17	68	27	21	-14	cell = 504 to 511
-54	-43	12	-9	-27	-45	-35	-37	cell = 512 to 519
-34	-31	-79	36	-43	11	-20	15	cell = 520 to 527
0	0	30	6	0	-19	-45	-52	cell = 528 to 535
-30	-25	-19	-7	-17	24	-55	-15	cell = 536 to 543
-15	-13	23	14	-28	-10	-30	4	cell = 544 to 551
-27	-73	-54	-11	-23	-31	-19	-23	cell = 552 to 559
-38	0	-3	-34	-9	-26	-14	18	cell = 560 to 567
-10	-21	-32	0	-48	24	-50	-13	cell = 568 to 575
-53	-30	-33	-18	-20	-24	-10	-20	cell = 576 to 583
-33	-33	14	-56	-17	-39	0	-43	cell = 584 to 591
-41	-11	3	25	-41	25	-48	21	cell = 592 to 599
-9	32	13	-56	-50	-28	-59	37	cell = 600 to 607
-1	19	-36	8	-20	-30	-45	-39	cell = 608 to 615
-16	-51	-12	19	-15	-65	-48	-41	cell = 616 to 623
-4	-44	-18	-6	-16	9	-54	-17	cell = 624 to 631
-54	-10	-31	-11	-44	-28	-4	-36	cell = 632 to 639
-13	-41	-13	11	7	-29	0	-12	cell = 640 to 647
-14	-27	-25	6	12	-2	-7	27	cell = 648 to 655
6	-21	-27	-19	-21	-37	-31	-22	cell = 656 to 663
-31	-4	-21	22	-43	-40	-31	18	cell = 664 to 671
5	11	-24	-16	10	2	-27	-29	cell = 672 to 679
5	-5	-60	15	5	13	-9	-6	cell = 680 to 687
-22	15	-48	7	-34	-29	-4	-27	cell = 688 to 695
-25	-8	-15	-18	-6	16	-29	10	cell = 696 to 703
-27	-6	16	6	-59	-6	-10	6	cell = 704 to 711
-33	-13	-38	13	-7	-13	-33	5	cell = 712 to 719
-4	-15	-25	-28	-31	-14	-20	0	cell = 720 to 727
-24	-30	-27	-45	4	10	-45	-35	cell = 728 to 735
4	-36	-24	7	18	-27	17	-68	cell = 736 to 743
-24	12	-37	18	-1	-41	1	-19	cell = 744 to 751
8	-49	-23	20	-38	-26	-56	-11	cell = 752 to 759
-64	1	21	-41	-38	12	-6	34	cell = 760 to 767
-25	1	4	-28	-42	-66	-64	-30	cell = 768 to 775
17	0	-20	-19	-9	-19	-12	7	cell = 776 to 783
-10	-15	-18	-8	-49	28	3	-7	cell = 784 to 791
-41	-25	-2	-40	-17	-79	-7	-52	cell = 792 to 799
7	-27	-44	-23	4	-22	-23	-49	cell = 800 to 807
27	16	-47	9	2	-32	-40	14	cell = 808 to 815
19	15	-27	14	-14	-36	-52	32	cell = 816 to 823
-22	24	-19	7	-1	-4	-48	9	cell = 824 to 831
-41	-22	-32	-19	-27	-5	-49	-7	cell = 832 to 839
-25	-17	-12	-3	-5	-29	-13	-10	cell = 840 to 847
5	8	-81	-6	1	-24	-8	-30	cell = 848 to 855
8	-25	-46	-16	-31	-2	-37	-19	cell = 856 to 863
-27	-10	-8	-73	12	12	-33	26	cell = 864 to 871
-8	14	-52	-30	26	-18	-10	-32	cell = 872 to 879
-22	30	2	44	-31	-8	15	12	cell = 880 to 887
-51	-30	11	5	-14	10	-32	13	cell = 888 to 895
5	-17	-2	-6	22	-4	-64	14	cell = 896 to 903
-38	-24	-25	9	-7	2	-31	7	cell = 904 to 911
5	-11	-29	17	-27	-43	-15	-26	cell = 912 to 919
-21	-63	-8	-16	16	-22	-17	7	cell = 920 to 927
-4	-7	-50	-12	-31	4	7	-2	cell = 928 to 935
29	-17	-24	4	-20	-46	-10	1	cell = 936 to 943
-30	2	-36	-6	-47	-22	-44	-3	cell = 944 to 951
-28	24	-39	3	-17	-14	-1	-45	cell = 952 to 959
22	-1	-37	-18	-17	-43	-14	-11	cell = 960 to 967
9	-71	-20	-40	-21	-34	23	-18	cell = 968 to 975
14	-8	-18	-29	-27	4	-46	-27	cell = 976 to 983
-27	-20	-37	6	-38	-37	-28	-33	cell = 984 to 991
0	-14	-23	-6	-47	-3	-26	21	cell = 992 to 999
2	5	-45	15	-31	-4	-38	-22	cell = 1000 to 1007
-59	-56	-14	12	-31	7	14	-16	cell = 1008 to 1015
5	-37	-54	-9	-39	-21	6	30	cell = 1016 to 1023
Calibration values from cell 0 to 1024 for channel 2:

62	16	20	-56	16	-11	27	34	cell = 0 to 7
80	-6	47	-28	20	-25	46	-17	cell = 8 to 15
41	-11	70	22	37	57	60	9	cell = 16 to 23
7	-4	31	4	27	-33	53	1	cell = 24 to 31
23	1	65	-56	55	-16	92	2	cell = 32 to 39
30	-17	69	-2	32	40	25	6	cell = 40 to 47
13	-4	44	-4	60	39	62	23	cell = 48 to 55
15	4	46	-23	19	-15	50	-44	cell = 56 to 63
52	-6	61	9	62	-28	25	39	cell = 64 to 71
43	-2	56	-18	49	27	28	-26	cell = 72 to 79
3	-20	75	-53	28	-18	44	6	cell = 80 to 87
13	10	79	-29	4	16	31	13	cell = 88 to 95
27	19	59	10	13	14	34	-35	cell = 96 to 103
39	29	18	25	49	31	83	-13	cell = 104 to 111
38	-28	48	-11	61	21	22	13	cell = 112 to 119
4	24	31	14	13	-6	56	15	cell = 120 to 127
25	-38	56	-38	26	-13	41	-25	cell = 128 to 135
51	13	48	-16	39	-43	72	-5	cell = 136 to 143
48	24	36	10	50	3	75	-54	cell = 144 to 151
54	34	27	19	28	8	31	-26	cell = 152 to 159
41	7	52	-38	51	2	50	9	cell = 160 to 167
58	13	24	27	12	-25	62	-45	cell = 168 to 175
31	26	37	-24	25	32	41	-48	cell = 176 to 183
-17	32	108	-37	24	44	38	-16	cell = 184 to 191
62	-15	35	9	66	1	55	14	cell = 192 to 199
10	15	34	8	16	16	34	-20	cell = 200 to 207
14	15	23	1	22	-25	54	1	cell = 208 to 215
69	-10	40	-19	35	10	34	-38	cell = 216 to 223
69	-1	73	-15	49	-7	19	-28	cell = 224 to 231
37	9	79	-11	17	7	7	8	cell = 232 to 239
21	-47	27	-9	95	-11	32	-21	cell = 240 to 247
28	6	25	-25	18	-4	55	12	cell = 248 to 255
49	0	48	-14	21	-3	59	-12	cell = 256 to 263
10	-26	59	-19	17	35	63	23	cell = 264 to 271
22	-18	36	13	2	-9	16	1	cell = 272 to 279
77	-4	51	13	58	-11	26	-8	cell = 280 to 287
18	33	8	40	43	-21	35	-7	cell = 288 to 295
46	20	51	-19	32	23	20	-11	cell = 296 to 303
30	31	79	-33	28	-21	8	-10	cell = 304 to 311
37	5	9	-31	58	-7	5	5	cell = 312 to 319
63	-11	83	-47	11	16	37	-18	cell = 320 to 327
32	-44	31	23	41	30	46	-9	cell = 328 to 335
61	6	81	8	9	-15	56	-47	cell = 336 to 343
64	19	23	2	-26	-35	30	-35	cell = 344 to 351
38	6	62	-43	74	-15	11	-29	cell = 352 to 359
57	17	48	26	39	-4	25	-8	cell = 360 to 367
31	-44	28	-46	-1	22	1	-25	cell = 368 to 375
59	10	34	-44	30	-27	43	-16	cell = 376 to 383
24	5	76	-14	45	13	38	-39	cell = 384 to 391
-9	5	11	-38	21	36	55	-3	cell = 392 to 399
7	23	28	30	58	-21	80	-23	cell = 400 to 407
54	26	43	12	95	-17	62	9	cell = 408 to 415
29	3	60	-32	23	10	12	-6	cell = 416 to 423
48	-21	56	0	21	-26	31	21	cell = 424 to 431
58	0	57	0	22	-22	0	-26	cell = 432 to 439
48	-19	70	-13	31	-43	56	-33	cell = 440 to 447
29	-40	42	-42	22	-3	-4	-7	cell = 448 to 455
45	22	-20	-3	51	-26	74	-32	cell = 456 to 463
-3	-11	65	24	43	-10	36	-11	cell = 464 to 471
29	-11	38	-28	61	2	60	0	cell = 472 to 479
73	12	-4	23	70	-8	40	-18	cell = 480 to 487
34	-25	35	-27	34	-16	31	-26	cell = 488 to 495
56	10	18	-109	-43	-80	-26	-66	cell = 496 to 503
51	-19	15	8	6	-11	70	10	cell = 504 to 511
-28	-32	-15	-22	-1	-19	5	-44	cell = 512 to 519
-15	-47	6	-10	16	9	17	-25	cell = 520 to 527
-29	0	-64	-32	-7	-12	-45	7	cell = 528 to 535
-10	11	-43	2	-26	-11	-48	-8	cell = 536 to 543
16	8	-28	-6	-59	-14	-40	-73	cell = 544 to 551
0	-47	-21	-11	3	-29	7	-8	cell = 552 to 559
-44	1	-39	9	-10	-26	-53	-51	cell = 560 to 567
-26	-12	11	-56	-4	-14	-18	5	cell = 568 to 575
-41	-16	-11	-26	-32	-6	-14	-14	cell = 576 to 583
-16	-33	-25	3	-9	0	-21	0	cell = 584 to 591
-41	0	-3	11	-10	-8	-46	3	cell = 592 to 599
10	-7	-27	-28	-28	-26	3	5	cell = 600 to 607
-27	-52	-29	-42	-43	15	-41	-37	cell = 608 to 615
-12	-59	18	5	-22	12	-48	4	cell = 616 to 623
-49	-19	-29	39	3	-27	-40	-19	cell = 624 to 631
4	-26	-35	-37	6	-18	-12	-7	cell = 632 to 639
-9	18	-6	-29	-12	-46	-29	-21	cell = 640 to 647
-5	-32	10	-13	-60	7	-39	-5	cell = 648 to 655
-9	0	20	-7	-55	-14	-11	8	cell = 656 to 663
-2	36	-3	-41	-13	-22	-45	-21	cell = 664 to 671
-21	-33	-15	15	-41	-33	-39	-8	cell = 672 to 679
-25	-9	-45	-2	-7	-6	-1	-23	cell = 680 to 687
22	-21	-15	10	-25	-59	-42	10	cell = 688 to 695
29	-45	-30	-30	-15	-5	-26	-23	cell = 696 to 703
-34	-56	-38	3	-30	3	-15	-43	cell = 704 to 711
-17	-41	8	11	-24	-29	-7	-6	cell = 712 to 719
-25	4	-29	-39	-14	28	-43	-2	cell = 720 to 727
-20	10	-52	-16	-61	-51	-25	-6	cell = 728 to 735
-31	-52	-28	-4	-72	-38	7	25	cell = 736 to 743
-13	0	-69	9	-19	-1	-12	4	cell = 744 to 751
6	13	-47	25	-30	7	-13	7	cell = 752 to 759
-29	-9	-49	-20	-43	-39	-8	52	cell = 760 to 767
-24	-9	-33	26	-21	-6	-41	0	cell = 768 to 775
-22	-15	-69	-26	-25	-2	-28	16	cell = 776 to 783
10	-7	-30	-55	-41	-16	6	-45	cell = 784 to 791
-10	-12	-10	3	-6	-52	7	9	cell = 792 to 799
-34	10	-8	25	1	10	6	23	cell = 800 to 807
18	-16	-28	-23	21	21	-30	-12	cell = 808 to 815
-32	-12	26	-53	3	-60	29	4	cell = 816 to 823
-19	-34	-56	-10	-10	-54	-21	-50	cell = 824 to 831
6	-24	-13	11	34	-36	-26	-17	cell = 832 to 839
-8	-28	13	-47	-4	19	-40	-19	cell = 840 to 847
19	-14	-17	-2	-23	-43	-79	-52	cell = 848 to 855
9	-1	-8	-41	-22	8	-43	-25	cell = 856 to 863
-12	-22	-23	-10	-9	4	-4	34	cell = 864 to 871
5	-14	-29	1	-23	5	-27	-61	cell = 872 to 879
-40	19	-18	-26	-4	7	-19	-2	cell = 880 to 887
0	-19	-8	-21	-30	-36	-41	-19	cell = 888 to 895
-16	-40	8	-26	-25	1	-30	-46	cell = 896 to 903
-14	-42	-35	-25	-30	33	8	18	cell = 904 to 911
-13	-13	-3	4	-20	7	1	-6	cell = 912 to 919
33	21	-36	-37	-13	-36	-40	-32	cell = 920 to 927
-28	5	-32	6	-4	-3	-42	-34	cell = 928 to 935
-37	-21	-32	-35	-36	-15	-37	-6	cell = 936 to 943
-38	-13	10	-11	-3	6	-7	-28	cell = 944 to 951
-3	11	-11	-19	20	-2	-30	13	cell = 952 to 959
1	-62	-14	-28	-44	-11	-49	-28	cell = 960 to 967
-19	-7	21	40	-23	6	8	-21	cell = 968 to 975
3	-72	7	22	-24	8	-19	14	cell = 976 to 983
-2	-35	-15	21	-49	-5	2	8	cell = 984 to 991
12	-7	-27	-29	-37	-21	-60	-11	cell = 992 to 999
23	-37	-10	-7	-41	30	-29	-11	cell = 1000 to 1007
71	-51	-9	31	-17	-47	-53	-12	cell = 1008 to 1015
-83	-32	-64	-34	-45	-51	-9	-5	cell = 1016 to 1023
Calibration values from cell 0 to 1024 for channel 3:

42	13	67	-5	49	-6	42	-18	cell = 0 to 7
54	-34	9	4	30	-15	34	0	cell = 8 to 15
46	-23	40	9	79	0	52	1	cell = 16 to 23
66	-5	36	-22	24	8	20	10	cell = 24 to 31
60	4	66	-4	8	22	67	-17	cell = 32 to 39
17	35	52	2	43	35	52	25	cell = 40 to 47
48	-19	52	-60	43	-13	40	0	cell = 48 to 55
2	-37	61	-21	33	-4	37	7	cell = 56 to 63
39	10	38	19	33	-4	44	0	cell = 64 to 71
63	-13	6	-38	30	-35	27	-22	cell = 72 to 79
38	-21	58	8	55	-10	19	-43	cell = 80 to 87
51	-15	18	-13	57	-36	65	-43	cell = 88 to 95
23	2	79	-4	73	-7	58	37	cell = 96 to 103
55	-20	14	-16	58	10	70	-30	cell = 104 to 111
70	44	47	-42	16	6	41	-19	cell = 112 to 119
23	-36	87	-8	71	19	75	27	cell = 120 to 127
0	-12	53	-29	-3	-15	31	24	cell = 128 to 135
65	11	66	7	32	14	51	5	cell = 136 to 143
66	4	-5	-8	71	-17	24	-29	cell = 144 to 151
39	-4	57	22	63	26	57	11	cell = 152 to 159
56	-9	41	43	32	15	34	-5	cell = 160 to 167
55	2	36	17	41	-28	26	-4	cell = 168 to 175
45	-20	19	20	57	2	30	-18	cell = 176 to 183
28	-26	46	22	26	23	63	45	cell = 184 to 191
-1	2	46	-29	68	-24	36	-18	cell = 192 to 199
51	-10	55	1	56	9	27	14	cell = 200 to 207
2	-39	78	-37	53	-15	30	10	cell = 208 to 215
9	-30	60	-9	2	3	32	12	cell = 216 to 223
22	-40	38	17	15	27	61	-12	cell = 224 to 231
38	10	37	-22	37	-34	26	2	cell = 232 to 239
68	35	46	-9	31	-8	35	-6	cell = 240 to 247
66	-23	50	-33	33	5	27	-11	cell = 248 to 255
47	-13	35	-35	73	-18	40	-30	cell = 256 to 263
66	12	51	-20	18	-21	75	-2	cell = 264 to 271
56	-24	64	-10	-4	-63	1	2	cell = 272 to 279
21	-20	32	-42	33	-8	66	-11	cell = 280 to 287
7	-14	66	34	44	12	24	16	cell = 288 to 295
-1	21	30	-4	29	21	48	4	cell = 296 to 303
79	-57	0	-28	65	-13	29	18	cell = 304 to 311
14	-28	64	-22	8	-14	46	-30	cell = 312 to 319
53	17	35	-58	-15	-36	34	-11	cell = 320 to 327
43	-57	38	-24	11	-11	58	3	cell = 328 to 335
59	38	52	33	26	-3	40	-23	cell = 336 to 343
33	24	27	-13	14	-2	34	-9	cell = 344 to 351
61	-13	49	-45	43	-12	55	-24	cell = 352 to 359
65	-44	31	-25	5	2	18	-11	cell = 360 to 367
10	4	24	18	22	-27	44	-27	cell = 368 to 375
22	2	21	36	50	-1	66	8	cell = 376 to 383
40	-9	6	-21	46	-20	86	15	cell = 384 to 391
28	16	65	-26	18	5	30	-22	cell = 392 to 399
68	-3	80	-33	-3	12	41	-8	cell = 400 to 407
62	2	67	24	31	-3	65	-10	cell = 408 to 415
34	-37	30	18	60	-5	31	-2	cell = 416 to 423
69	-23	49	-43	18	-21	52	-46	cell = 424 to 431
37	-36	32	8	12	-6	44	-44	cell = 432 to 439
5	-37	38	38	2	1	54	-46	cell = 440 to 447
75	-33	57	2	40	-35	80	-10	cell = 448 to 455
37	-38	44	-33	11	55	16	-44	cell = 456 to 463
39	18	12	4	29	-26	41	-32	cell = 464 to 471
37	-39	50	17	10	-25	54	-17	cell = 472 to 479
36	8	49	11	21	-49	75	7	cell = 480 to 487
29	-24	48	-33	99	-2	41	5	cell = 488 to 495
39	-11	-29	-73	-54	-62	-31	-70	cell = 496 to 503
16	18	19	-36	1	-11	19	0	cell = 504 to 511
-9	-36	10	-4	-4	-7	-30	-22	cell = 512 to 519
-29	-34	-68	23	7	-46	17	-18	cell = 520 to 527
-45	-27	-6	-21	-32	-20	-22	-4	cell = 528 to 535
-12	-25	-14	-33	-14	-44	-11	6	cell = 536 to 543
-2	-30	-5	-63	-43	-20	-33	-17	cell = 544 to 551
1	-11	12	-20	20	-24	-7	-18	cell = 552 to 559
16	-51	-22	-19	21	-36	-23	-2	cell = 560 to 567
20	-9	-52	-49	-15	-12	-31	10	cell = 568 to 575
-37	-29	-29	46	-29	-3	23	1	cell = 576 to 583
-54	-41	-39	19	-4	-62	12	-13	cell = 584 to 591
-36	-5	-19	5	-15	-27	-32	26	cell = 592 to 599
-1	2	-56	20	1	-21	-18	-26	cell = 600 to 607
-14	-8	-16	-26	-35	4	3	-23	cell = 608 to 615
-27	-14	-37	40	-9	4	-18	1	cell = 616 to 623
0	2	29	-4	-38	-7	2	-7	cell = 624 to 631
-15	-24	-51	-37	-12	-2	-26	-2	cell = 632 to 639
-52	-4	-12	5	-14	-14	1	4	cell = 640 to 647
-13	-34	-36	32	-12	-54	-30	-30	cell = 648 to 655
34	-55	12	16	1	0	-37	15	cell = 656 to 663
-43	-29	-22	23	-39	-33	-26	13	cell = 664 to 671
-30	-3	-51	26	-26	-6	-28	12	cell = 672 to 679
31	-10	-18	-3	-46	38	-6	20	cell = 680 to 687
-29	-27	2	-15	10	-32	3	11	cell = 688 to 695
-12	-37	-13	-4	-54	-12	-46	-6	cell = 696 to 703
-19	22	-32	-23	-10	-51	14	-19	cell = 704 to 711
-38	-21	-7	-2	12	-9	-11	-24	cell = 712 to 719
-8	9	-7	26	-38	-13	-36	-34	cell = 720 to 727
-60	21	-28	-12	16	3	4	-10	cell = 728 to 735
-14	8	-29	-35	-2	10	-17	-11	cell = 736 to 743
6	3	-45	32	-29	-5	-9	15	cell = 744 to 751
-19	-10	-35	-9	-14	-55	-60	-36	cell = 752 to 759
-52	-14	-53	-39	-2	-29	-9	0	cell = 760 to 767
20	-34	-69	-60	-53	-33	-35	-25	cell = 768 to 775
11	1	-10	-2	-25	-28	-44	-8	cell = 776 to 783
-28	-69	-11	-24	-3	6	-29	16	cell = 784 to 791
-26	-19	-53	-8	-41	-4	-32	-14	cell = 792 to 799
8	-4	-51	-25	14	-46	-28	51	cell = 800 to 807
-9	6	22	-10	-8	-13	-40	-40	cell = 808 to 815
-27	-36	-1	-6	-47	-11	25	-27	cell = 816 to 823
-46	-26	11	-6	15	-26	19	-21	cell = 824 to 831
-3	-7	34	-13	-15	7	-19	-7	cell = 832 to 839
6	26	-26	-47	-57	-13	-30	12	cell = 840 to 847
12	-28	-19	-10	-2	-27	20	-39	cell = 848 to 855
-5	5	-17	10	-15	-15	-44	15	cell = 856 to 863
-19	-39	-42	-25	-14	1	25	-27	cell = 864 to 871
-19	32	-25	-12	-9	1	-12	2	cell = 872 to 879
9	-16	-31	4	-14	-31	-59	-22	cell = 880 to 887
-17	-30	-18	-23	-10	-46	-39	17	cell = 888 to 895
-25	20	13	10	-18	-84	8	3	cell = 896 to 903
17	-20	-6	-26	23	-52	-46	-42	cell = 904 to 911
-29	-17	-31	-25	-19	-21	-8	-30	cell = 912 to 919
-22	-33	-70	-54	-23	7	-43	38	cell = 920 to 927
-18	-23	-54	-71	-16	-43	0	3	cell = 928 to 935
-20	-5	-53	26	2	-9	-41	-77	cell = 936 to 943
-12	19	6	-25	-3	-3	-21	3	cell = 944 to 951
17	5	-7	6	-10	-56	-36	-3	cell = 952 to 959
25	17	-17	-51	-8	-40	-8	15	cell = 960 to 967
-14	20	-78	-28	17	-12	-31	-20	cell = 968 to 975
-11	-36	-33	-28	-23	-52	9	2	cell = 976 to 983
-1	-43	-20	-29	-17	-36	-30	14	cell = 984 to 991
-30	-39	23	11	1	-43	-25	-12	cell = 992 to 999
16	-52	-26	0	8	5	-83	24	cell = 1000 to 1007
17	-44	-2	-51	17	-41	1	-60	cell = 1008 to 1015
-46	21	-11	7	1	8	-48	-3	cell = 1016 to 1023
Calibration values from cell 0 to 1024 for channel 4:

80	6	69	-11	19	-28	61	-9	cell = 0 to 7
78	-16	15	-17	75	8	53	52	cell = 8 to 15
28	20	30	-12	28	-33	82	-17	cell = 16 to 23
29	-36	6	1	16	-34	48	-23	cell = 24 to 31
0	9	63	-17	92	-22	71	13	cell = 32 to 39
65	-19	30	4	0	-28	25	21	cell = 40 to 47
35	30	32	-41	52	-42	70	-34	cell = 48 to 55
74	-36	26	-8	42	25	23	-40	cell = 56 to 63
-11	-5	36	2	36	-42	34	-46	cell = 64 to 71
35	-4	88	-26	49	16	28	-8	cell = 72 to 79
42	-64	29	0	46	25	70	-40	cell = 80 to 87
62	-13	25	-18	40	-13	49	17	cell = 88 to 95
0	35	111	22	47	-12	87	-47	cell = 96 to 103
46	26	16	4	53	15	10	-48	cell = 104 to 111
26	-5	31	15	51	38	54	-17	cell = 112 to 119
49	7	41	-4	8	26	40	-29	cell = 120 to 127
65	-15	47	-11	21	1	42	-12	cell = 128 to 135
45	5	60	-2	28	3	32	-12	cell = 136 to 143
35	-28	17	-11	53	-30	65	-45	cell = 144 to 151
48	-26	78	-39	23	6	53	16	cell = 152 to 159
19	26	54	-9	41	25	53	-22	cell = 160 to 167
34	-17	70	-11	57	-15	25	-21	cell = 168 to 175
59	4	49	-25	15	-29	32	13	cell = 176 to 183
18	-15	31	-23	36	-27	21	2	cell = 184 to 191
14	9	86	-15	56	25	30	-16	cell = 192 to 199
53	9	63	16	74	30	35	-13	cell = 200 to 207
23	-48	45	-4	36	-14	38	2	cell = 208 to 215
65	-12	61	-39	-11	16	57	-34	cell = 216 to 223
30	-21	59	-10	36	8	37	-52	cell = 224 to 231
16	13	62	-6	-7	-48	84	3	cell = 232 to 239
41	-16	59	31	17	22	90	-22	cell = 240 to 247
33	1	36	5	62	-47	22	-18	cell = 248 to 255
52	9	13	-18	78	-15	30	-27	cell = 256 to 263
-14	-2	66	2	29	0	38	-4	cell = 264 to 271
69	-16	44	-14	53	1	47	-6	cell = 272 to 279
-2	38	38	-38	32	-33	52	-23	cell = 280 to 287
43	-17	58	10	49	-33	33	0	cell = 288 to 295
31	7	64	-8	45	14	45	-8	cell = 296 to 303
42	-39	42	-35	35	8	11	-9	cell = 304 to 311
36	-3	28	6	78	-38	62	39	cell = 312 to 319
28	9	71	-17	34	-26	0	-3	cell = 320 to 327
26	14	51	-23	61	42	55	-11	cell = 328 to 335
15	-27	15	-61	-12	38	19	-25	cell = 336 to 343
33	9	61	-13	53	-6	26	-3	cell = 344 to 351
61	23	23	-21	41	-23	5	-12	cell = 352 to 359
20	20	66	-20	40	16	65	18	cell = 360 to 367
16	-46	31	-9	19	-22	33	-16	cell = 368 to 375
24	-38	23	16	17	-12	-4	9	cell = 376 to 383
60	-18	52	-44	24	-11	26	0	cell = 384 to 391
32	3	30	-3	26	4	80	-16	cell = 392 to 399
-4	-12	65	-6	4	-15	63	-41	cell = 400 to 407
52	-30	33	-18	49	8	38	19	cell = 408 to 415
73	-8	30	-5	45	7	47	7	cell = 416 to 423
23	28	33	-27	42	46	31	-21	cell = 424 to 431
-3	11	47	2	40	-46	20	26	cell = 432 to 439
62	-8	45	-9	47	-4	-6	9	cell = 440 to 447
20	-19	106	-8	24	-15	74	-2	cell = 448 to 455
32	18	75	-34	5	-17	34	-3	cell = 456 to 463
42	-30	47	-17	50	3	55	0	cell = 464 to 471
51	0	94	-3	49	4	26	11	cell = 472 to 479
25	8	57	-26	63	-45	40	-16	cell = 480 to 487
19	-7	14	7	36	42	11	-2	cell = 488 to 495
48	-29	21	-75	-37	-101	-24	-82	cell = 496 to 503
49	19	16	37	63	24	46	-37	cell = 504 to 511
37	-19	-44	10	18	-23	-29	-10	cell = 512 to 519
-6	-2	-1	16	6	-20	-35	-23	cell = 520 to 527
8	9	-5	-25	5	-29	6	23	cell = 528 to 535
-24	-26	-43	-63	-45	-13	-22	-10	cell = 536 to 543
-23	-23	12	2	-48	-38	-30	-3	cell = 544 to 551
11	-46	-40	-27	-4	21	-3	-54	cell = 552 to 559
0	-11	-33	1	3	2	-24	-7	cell = 560 to 567
-14	11	-36	-19	9	30	-20	9	cell = 568 to 575
-23	-16	-15	-22	5	-14	-27	-10	cell = 576 to 583
-30	-35	4	37	-45	-13	-19	-16	cell = 584 to 591
-13	-15	-33	-43	-37	-36	-16	-15	cell = 592 to 599
-4	-37	-61	-5	-41	-36	-14	11	cell = 600 to 607
-37	2	18	21	-1	-55	-20	-21	cell = 608 to 615
-19	15	-31	-33	-38	-1	-3	43	cell = 616 to 623
22	-18	-33	-24	-12	25	-13	14	cell = 624 to 631
18	9	-20	-25	-41	-13	-22	-20	cell = 632 to 639
-9	-4	-8	3	-21	-44	-5	-2	cell = 640 to 647
7	38	-21	-20	-31	-13	-29	-10	cell = 648 to 655
5	-6	3	4	-21	-36	-64	19	cell = 656 to 663
-29	-33	-43	-33	-8	-1	-20	4	cell = 664 to 671
28	-39	-12	-3	-14	-37	-18	13	cell = 672 to 679
-52	12	1	-30	-6	-8	-21	8	cell = 680 to 687
18	-13	-39	-5	-16	-40	-37	-11	cell = 688 to 695
-44	-1	-5	-31	11	4	-26	-3	cell = 696 to 703
-41	-39	-37	-17	11	7	-20	5	cell = 704 to 711
3	1	4	-18	-24	-23	-8	35	cell = 712 to 719
-12	-6	20	2	-37	-42	-16	-4	cell = 720 to 727
-27	-25	-4	-25	-42	4	-24	17	cell = 728 to 735
29	-27	12	-3	-23	-31	-9	5	cell = 736 to 743
-20	-34	-16	-25	2	-4	-3	-27	cell = 744 to 751
-33	5	-62	-18	-46	-23	-41	-64	cell = 752 to 759
6	-52	-5	-38	-11	-24	-24	-14	cell = 760 to 767
-37	-27	-13	-10	-37	-14	-39	-34	cell = 768 to 775
-28	-68	4	-9	-27	0	-16	-13	cell = 776 to 783
-42	-32	-52	12	-21	-6	-23	-13	cell = 784 to 791
-20	-23	-26	-4	4	25	-25	24	cell = 792 to 799
4	23	-27	-24	20	-7	-25	-16	cell = 800 to 807
-33	-20	-11	25	-26	-22	-12	17	cell = 808 to 815
-35	-7	0	6	-39	-15	-14	-37	cell = 816 to 823
-53	-19	-25	-8	12	-53	-22	2	cell = 824 to 831
-2	8	0	1	-30	-38	20	-12	cell = 832 to 839
-11	-40	-36	-35	-3	-25	0	-9	cell = 840 to 847
-13	11	-30	-13	-8	-24	-69	1	cell = 848 to 855
42	12	-14	0	-22	-60	-52	-21	cell = 856 to 863
-42	-11	-31	-20	-40	15	-5	-8	cell = 864 to 871
-29	24	-6	-12	3	49	-48	-37	cell = 872 to 879
-11	-59	-2	-25	-2	-29	38	-14	cell = 880 to 887
-46	-10	-43	-17	-9	7	-22	-22	cell = 888 to 895
-16	-27	-28	-35	19	-34	-3	-19	cell = 896 to 903
-3	-35	-36	14	-6	-2	-33	-17	cell = 904 to 911
24	-16	-14	12	-41	-18	-22	5	cell = 912 to 919
-28	-22	-17	6	-16	-13	-52	27	cell = 920 to 927
-19	-50	-47	8	-29	-9	-8	-33	cell = 928 to 935
-15	-49	-29	1	2	-30	-10	0	cell = 936 to 943
-33	-22	-52	-23	-21	17	-39	-27	cell = 944 to 951
-35	9	-3	-38	-19	-23	-15	-25	cell = 952 to 959
-27	-40	-17	-21	0	-54	-54	-28	cell = 960 to 967
-3	-8	-28	-13	-31	-19	13	-59	cell = 968 to 975
16	-18	-12	26	9	-35	-25	-34	cell = 976 to 983
1	-15	-17	8	26	-19	-33	0	cell = 984 to 991
-8	-4	-38	19	-11	-23	-24	-18	cell = 992 to 999
-4	-43	-17	-44	-14	-69	-21	-24	cell = 1000 to 1007
-16	-42	-25	-49	-13	-48	-27	-24	cell = 1008 to 1015
-14	-54	-16	-35	-12	-21	-15	-48	cell = 1016 to 1023
Calibration values from cell 0 to 1024 for channel 5:

41	-38	95	-9	-7	35	26	-51	cell = 0 to 7
24	26	39	-19	13	-6	56	-14	cell = 8 to 15
26	11	-10	15	22	-5	31	-7	cell = 16 to 23
14	-20	24	-8	38	19	60	12	cell = 24 to 31
43	-33	44	-7	49	-5	63	-49	cell = 32 to 39
36	-1	23	-31	55	26	45	29	cell = 40 to 47
43	17	90	-17	20	23	28	-18	cell = 48 to 55
52	57	15	-18	50	21	40	0	cell = 56 to 63
10	-15	73	18	47	-20	83	-44	cell = 64 to 71
37	27	55	11	26	-18	13	-14	cell = 72 to 79
34	1	47	-30	37	1	39	-20	cell = 80 to 87
47	5	60	6	60	-28	44	-12	cell = 88 to 95
7	-48	41	-3	43	7	19	-41	cell = 96 to 103
67	-36	56	-3	30	4	-8	45	cell = 104 to 111
65	6	93	-27	32	10	88	-49	cell = 112 to 119
58	-13	87	-20	34	-19	35	24	cell = 120 to 127
57	-19	16	-4	33	-23	44	-1	cell = 128 to 135
68	-47	55	17	38	-48	36	-16	cell = 136 to 143
74	23	61	-31	27	-12	54	-1	cell = 144 to 151
20	2	52	8	45	21	31	-30	cell = 152 to 159
29	-8	21	18	75	31	30	16	cell = 160 to 167
39	-35	39	-7	43	1	15	-34	cell = 168 to 175
56	-15	26	-22	21	-24	71	-32	cell = 176 to 183
39	-18	58	-8	73	-6	58	-43	cell = 184 to 191
19	39	12	-27	12	20	48	-26	cell = 192 to 199
35	-6	28	-27	27	13	35	-19	cell = 200 to 207
50	-13	48	-67	39	-20	11	-25	cell = 208 to 215
40	14	77	-21	4	-25	67	-18	cell = 216 to 223
11	-12	31	10	23	21	28	-44	cell = 224 to 231
-10	-17	30	-40	30	19	25	-8	cell = 232 to 239
49	-2	65	20	77	5	51	-22	cell = 240 to 247
36	2	48	-36	20	-4	64	-42	cell = 248 to 255
27	-3	62	8	20	-17	42	-24	cell = 256 to 263
83	-12	76	11	66	8	55	-14	cell = 264 to 271
10	2	67	-4	57	48	12	-29	cell = 272 to 279
52	47	78	-28	29	-24	37	-40	cell = 280 to 287
41	-37	46	-30	67	15	15	-49	cell = 288 to 295
32	-8	27	-52	-14	-9	19	-31	cell = 296 to 303
58	-32	92	-18	25	-5	39	-23	cell = 304 to 311
23	-35	43	-26	20	14	7	-34	cell = 312 to 319
29	6	42	-24	22	-5	32	-23	cell = 320 to 327
31	2	15	3	45	-15	61	-9	cell = 328 to 335
29	-30	28	-7	73	-13	50	-22	cell = 336 to 343
55	50	24	-56	19	-6	22	-33	cell = 344 to 351
71	7	83	28	52	10	78	7	cell = 352 to 359
44	-14	32	-20	55	-28	86	-19	cell = 360 to 367
46	-16	51	39	39	23	71	-28	cell = 368 to 375
56	11	52	-12	20	1	84	-12	cell = 376 to 383
40	22	14	-11	-18	-1	29	-31	cell = 384 to 391
25	20	38	21	53	8	34	-8	cell = 392 to 399
42	-21	46	-25	6	-23	42	12	cell = 400 to 407
43	38	73	4	32	-26	59	-36	cell = 408 to 415
43	26	66	-32	66	-12	54	-7	cell = 416 to 423
26	-6	37	-29	32	24	41	-14	cell = 424 to 431
66	-27	46	-42	14	-9	41	-34	cell = 432 to 439
53	22	37	-18	16	-25	62	-12	cell = 440 to 447
46	12	23	-29	-3	25	33	15	cell = 448 to 455
35	-7	50	-3	34	-12	15	14	cell = 456 to 463
24	15	31	2	27	-3	-4	-5	cell = 464 to 471
22	1	49	-2	43	-5	41	-10	cell = 472 to 479
34	13	55	27	49	-1	48	-35	cell = 480 to 487
40	-39	31	-22	29	-20	48	36	cell = 488 to 495
89	-3	2	-68	-47	-38	-61	-100	cell = 496 to 503
44	11	66	-91	50	15	74	-45	cell = 504 to 511
-34	-33	14	5	-28	-44	6	-21	cell = 512 to 519
-44	0	0	-24	-8	-35	-48	-41	cell = 520 to 527
-29	33	-5	-6	-53	-43	-31	-14	cell = 528 to 535
-70	-43	-35	-35	-7	-60	-44	6	cell = 536 to 543
-14	-16	-2	-16	-40	1	-27	3	cell = 544 to 551
-6	25	-12	47	-14	-30	13	-27	cell = 552 to 559
-9	23	-31	-6	-16	-2	-20	-27	cell = 560 to 567
5	-39	-14	5	-36	18	2	6	cell = 568 to 575
-35	-4	-30	25	-35	-59	-6	16	cell = 576 to 583
-15	-28	-30	-36	-34	-7	29	-27	cell = 584 to 591
-17	-36	-14	-4	-11	-13	-25	19	cell = 592 to 599
-57	-31	5	-10	-27	7	-15	-14	cell = 600 to 607
16	-50	-27	-28	-43	0	-9	-7	cell = 608 to 615
17	-32	-20	26	-43	-38	-13	3	cell = 616 to 623
19	-35	-30	-28	15	-3	-17	15	cell = 624 to 631
-14	-24	-22	-14	-18	-26	15	30	cell = 632 to 639
-8	-2	-34	-45	-4	-8	-2	23	cell = 640 to 647
-12	-26	-22	-19	-17	2	-5	-7	cell = 648 to 655
1	8	-7	-50	-9	16	-20	17	cell = 656 to 663
4	26	10	-21	-36	4	-26	-13	cell = 664 to 671
5	-35	-66	11	-24	-25	-23	-28	cell = 672 to 679
-30	15	-6	-2	17	10	-19	0	cell = 680 to 687
-26	-27	-6	30	12	-14	-21	-8	cell = 688 to 695
-70	-22	-45	14	-64	-29	-10	-5	cell = 696 to 703
-28	-11	-18	-20	-32	-14	-40	-41	cell = 704 to 711
15	19	-40	-20	0	-15	-20	-6	cell = 712 to 719
23	-6	13	-11	1	24	-64	-4	cell = 720 to 727
-61	-9	-20	-7	-50	-21	-54	39	cell = 728 to 735
0	-3	-58	-7	16	-32	-29	-21	cell = 736 to 743
-1	-46	-36	-40	-60	0	-30	-7	cell = 744 to 751
-20	-2	-38	-33	35	-48	-58	-29	cell = 752 to 759
-14	11	-29	-17	2	-39	-24	-16	cell = 760 to 767
-27	-11	-12	16	-45	-29	-12	-14	cell = 768 to 775
14	3	-17	-7	70	3	-35	26	cell = 776 to 783
-32	-1	-17	-6	-13	-20	-26	-16	cell = 784 to 791
18	-23	-8	13	-2	-34	11	-15	cell = 792 to 799
3	6	12	-30	-32	-30	-38	-26	cell = 800 to 807
-25	0	-27	13	-2	-13	-18	4	cell = 808 to 815
-43	0	-48	3	-34	-8	-8	-1	cell = 816 to 823
-14	-8	-20	-34	-28	-31	-47	5	cell = 824 to 831
-24	2	-64	-21	-21	-10	-15	10	cell = 832 to 839
-23	1	-34	0	-29	-6	-10	1	cell = 840 to 847
-28	-37	-14	-36	27	-13	6	7	cell = 848 to 855
-22	15	-21	-16	-15	-33	-37	2	cell = 856 to 863
5	17	-41	-9	7	-23	-16	9	cell = 864 to 871
11	-23	-29	-23	-17	-21	-49	41	cell = 872 to 879
11	7	-42	-3	-51	-45	-29	-45	cell = 880 to 887
10	10	-21	-46	-23	-6	-1	-8	cell = 888 to 895
-47	-45	17	-5	-22	-21	-24	-4	cell = 896 to 903
-29	-39	-15	-2	3	-22	-47	8	cell = 904 to 911
-29	-5	-56	-4	-18	-38	-22	12	cell = 912 to 919
0	-32	-18	-17	-43	0	39	9	cell = 920 to 927
-21	-10	4	-15	47	-2	-44	-44	cell = 928 to 935
-20	5	-44	-11	-25	7	-16	-7	cell = 936 to 943
-12	-18	-27	-19	14	-20	-48	-15	cell = 944 to 951
-21	-13	-48	-15	-30	-20	-14	-43	cell = 952 to 959
-28	-30	-16	6	3	-28	-12	-28	cell = 960 to 967
5	10	-10	-14	-5	-15	-33	22	cell = 968 to 975
5	-16	15	-33	29	-29	-6	-37	cell = 976 to 983
-17	-24	-30	-24	-35	-57	-45	-39	cell = 984 to 991
-21	-44	-19	24	-26	9	0	1	cell = 992 to 999
-29	-60	-56	-35	-10	-41	-41	11	cell = 1000 to 1007
-1	8	-8	-16	-9	-47	-49	-12	cell = 1008 to 1015
-18	-19	-42	-43	-19	-42	-56	-9	cell = 1016 to 1023
Calibration values from cell 0 to 1024 for channel 6:

38	-2	41	-8	31	-11	48	-21	cell = 0 to 7
21	31	57	-3	12	12	57	27	cell = 8 to 15
32	-17	21	-20	-1	5	27	-16	cell = 16 to 23
31	8	10	19	6	33	33	-3	cell = 24 to 31
53	2	7	-7	48	-29	52	-13	cell = 32 to 39
68	4	35	-39	24	-19	49	-51	cell = 40 to 47
67	10	79	-9	45	8	58	-15	cell = 48 to 55
47	-6	73	-3	44	-14	65	2	cell = 56 to 63
24	34	50	-24	10	65	58	-4	cell = 64 to 71
72	-15	-8	27	54	22	66	-27	cell = 72 to 79
17	-4	44	-3	27	-12	34	-15	cell = 80 to 87
3	38	47	-8	43	-44	31	-34	cell = 88 to 95
22	-16	39	-5	12	-3	60	-37	cell = 96 to 103
50	31	56	-28	74	8	74	-28	cell = 104 to 111
51	6	37	0	-1	10	66	-37	cell = 112 to 119
29	28	27	-10	42	-30	44	-43	cell = 120 to 127
100	-11	33	-17	13	-1	65	-20	cell = 128 to 135
27	-6	63	-26	18	-26	50	-17	cell = 136 to 143
28	1	63	17	71	12	29	-3	cell = 144 to 151
56	-6	50	17	42	-8	71	-27	cell = 152 to 159
10	36	26	0	63	2	27	-31	cell = 160 to 167
48	-7	23	-53	59	-24	74	-8	cell = 168 to 175
7	11	70	2	59	0	30	-20	cell = 176 to 183
-3	9	77	-5	19	-16	92	12	cell = 184 to 191
39	-26	18	-45	20	5	32	-66	cell = 192 to 199
21	4	42	-17	78	-14	31	-16	cell = 200 to 207
28	-6	46	-33	53	-43	38	23	cell = 208 to 215
28	-5	-11	-21	75	9	37	5	cell = 216 to 223
47	24	5	-16	63	5	46	-23	cell = 224 to 231
48	-11	46	-40	20	10	36	33	cell = 232 to 239
53	-6	29	-3	61	-21	45	-33	cell = 240 to 247
40	-20	12	12	35	-16	19	-15	cell = 248 to 255
66	6	43	-15	40	5	71	-7	cell = 256 to 263
35	-1	54	20	-3	-8	107	17	cell = 264 to 271
50	15	83	5	63	-7	12	9	cell = 272 to 279
60	-53	87	-19	2	18	30	12	cell = 280 to 287
22	24	33	-5	5	23	1	-13	cell = 288 to 295
39	-31	56	0	51	11	29	-40	cell = 296 to 303
6	45	24	-12	46	-21	40	-6	cell = 304 to 311
73	-35	27	-37	40	-5	23	-53	cell = 312 to 319
41	-9	36	-21	15	9	44	11	cell = 320 to 327
51	4	29	-1	22	-7	58	19	cell = 328 to 335
72	20	58	-10	3	-43	8	-12	cell = 336 to 343
10	-7	43	3	23	-2	33	-8	cell = 344 to 351
29	39	22	4	61	-10	75	-40	cell = 352 to 359
16	3	42	20	50	12	44	-38	cell = 360 to 367
35	2	-17	-27	17	-5	8	-55	cell = 368 to 375
49	18	80	-6	9	-34	16	-52	cell = 376 to 383
36	11	33	-14	15	20	3	-28	cell = 384 to 391
48	-14	69	-23	7	16	45	-11	cell = 392 to 399
26	-25	31	-68	87	9	50	2	cell = 400 to 407
33	2	34	-37	47	17	61	-33	cell = 408 to 415
74	-14	53	-21	42	-3	40	-38	cell = 416 to 423
52	-15	44	-49	69	24	29	-7	cell = 424 to 431
72	28	10	4	26	-28	19	2	cell = 432 to 439
12	7	42	-26	93	0	19	-20	cell = 440 to 447
40	-44	59	-11	43	-20	55	-43	cell = 448 to 455
59	1	35	-43	45	-15	38	-49	cell = 456 to 463
69	10	54	33	25	-12	67	-19	cell = 464 to 471
0	13	48	15	13	2	45	17	cell = 472 to 479
42	-32	80	2	1	30	42	-33	cell = 480 to 487
35	26	57	-47	-11	-12	4	-7	cell = 488 to 495
11	-17	39	-94	-62	-41	-38	-95	cell = 496 to 503
19	20	71	-9	7	19	75	-18	cell = 504 to 511
-48	-27	-39	7	-25	-19	-25	-6	cell = 512 to 519
-22	-13	-63	-45	-54	-9	-23	-10	cell = 520 to 527
9	-37	-1	8	-7	-33	-23	-38	cell = 528 to 535
-3	-1	-15	-45	-44	-23	-60	-3	cell = 536 to 543
-6	2	-28	29	-4	-15	-11	2	cell = 544 to 551
-11	-10	-12	-23	3	-17	-29	-5	cell = 552 to 559
3	-4	-10	-5	18	-11	-22	-40	cell = 560 to 567
40	-54	-24	-34	7	-7	-39	-21	cell = 568 to 575
-29	-29	-30	9	-21	31	-42	-38	cell = 576 to 583
21	-3	-43	-5	-11	12	-21	23	cell = 584 to 591
-4	2	-30	-14	9	-31	-9	4	cell = 592 to 599
-32	-36	-12	-14	-10	-51	-16	4	cell = 600 to 607
-44	-24	-53	-20	22	-16	-70	-59	cell = 608 to 615
-16	14	-56	-18	-8	-22	-23	23	cell = 616 to 623
-24	-44	-14	11	8	-46	-48	-2	cell = 624 to 631
-39	-32	-15	-19	23	-22	-14	-14	cell = 632 to 639
-49	-11	-12	-27	-2	-8	-57	16	cell = 640 to 647
-15	-1	-40	-1	-22	4	-59	-3	cell = 648 to 655
6	-17	1	15	-15	-24	2	-41	cell = 656 to 663
9	-4	-11	12	-2	-50	-22	-12	cell = 664 to 671
-57	-58	-61	-6	6	-9	10	9	cell = 672 to 679
-21	16	-3	-15	-29	-47	-47	14	cell = 680 to 687
-8	-52	-42	-8	-41	6	-25	11	cell = 688 to 695
39	6	-10	10	-13	-10	-32	34	cell = 696 to 703
0	-21	-39	18	-15	-23	-47	-30	cell = 704 to 711
-15	11	-57	-5	-19	-2	-12	-33	cell = 712 to 719
-61	-33	11	-27	-9	10	-1	-60	cell = 720 to 727
-22	-54	11	-19	-24	-17	-13	-19	cell = 728 to 735
-34	-25	-39	18	22	-39	-33	-24	cell = 736 to 743
25	-26	-45	-3	0	-3	-73	6	cell = 744 to 751
24	-1	8	8	-35	-9	-44	-21	cell = 752 to 759
-33	-3	-40	-48	-33	-39	-42	14	cell = 760 to 767
15	-15	-29	-57	-6	-15	37	-63	cell = 768 to 775
-20	0	-39	25	-32	-43	0	-47	cell = 776 to 783
-22	-31	-10	15	-7	-29	-10	-29	cell = 784 to 791
-17	-23	-21	-15	-44	-40	29	-26	cell = 792 to 799
-17	-38	22	20	20	-28	-35	-2	cell = 800 to 807
15	8	-7	-27	-5	15	-25	-23	cell = 808 to 815
11	-20	-3	2	-28	-12	-37	-6	cell = 816 to 823
-30	30	-45	-37	52	-21	-16	6	cell = 824 to 831
18	-13	-22	-30	-18	5	-10	-47	cell = 832 to 839
-13	-22	24	-27	-11	-8	-29	25	cell = 840 to 847
-21	-44	-33	-20	-10	-32	-13	-29	cell = 848 to 855
17	-28	-35	-4	-21	-32	25	28	cell = 856 to 863
4	-36	4	-34	-16	3	-11	22	cell = 864 to 871
-17	-41	-17	0	55	-22	21	-11	cell = 872 to 879
3	28	-30	-14	-1	-17	-33	36	cell = 880 to 887
-21	-9	-42	-27	6	-22	-49	-19	cell = 888 to 895
27	-16	-9	-7	25	-31	-40	23	cell = 896 to 903
-2	-6	-3	-48	-28	-10	-44	-17	cell = 904 to 911
-14	-48	-14	-46	26	-29	5	-10	cell = 912 to 919
-5	44	-35	4	-32	-41	-23	-53	cell = 920 to 927
-40	14	-16	-12	-21	-53	-39	-27	cell = 928 to 935
-19	24	-18	2	-16	-11	-2	-25	cell = 936 to 943
9	-35	-17	-18	-30	-3	-31	13	cell = 944 to 951
9	30	-15	-52	-48	-8	-31	-27	cell = 952 to 959
-30	-29	-39	5	-24	4	-42	19	cell = 960 to 967
-39	-45	-26	-11	1	-41	-26	2	cell = 968 to 975
-12	-9	4	13	-23	-47	-78	-13	cell = 976 to 983
-56	-7	-5	33	-2	-59	-25	-23	cell = 984 to 991
3	0	6	24	13	6	-59	35	cell = 992 to 999
5	-10	-24	-15	-3	0	-41	23	cell = 1000 to 1007
-32	0	-2	-1	-24	-10	-57	-21	cell = 1008 to 1015
-14	-30	-32	-25	1	-30	-37	21	cell = 1016 to 1023
Calibration values from cell 0 to 1024 for channel 7:

28	-2	29	22	2	18	50	-17	cell = 0 to 7
80	13	29	-52	76	9	84	10	cell = 8 to 15
33	-9	-4	-19	28	9	61	-24	cell = 16 to 23
42	-6	73	-10	49	3	32	5	cell = 24 to 31
60	-13	23	-7	68	5	43	-14	cell = 32 to 39
65	15	64	17	20	-2	50	15	cell = 40 to 47
51	-7	52	4	22	-2	72	-22	cell = 48 to 55
18	-10	60	-22	-5	6	92	0	cell = 56 to 63
21	-8	27	-10	51	-1	33	-16	cell = 64 to 71
10	-42	27	-28	55	-10	38	-15	cell = 72 to 79
12	27	77	-26	32	-9	33	7	cell = 80 to 87
47	11	41	-21	15	7	11	-46	cell = 88 to 95
-5	31	79	-17	46	-18	16	22	cell = 96 to 103
35	-8	42	-21	18	3	72	-4	cell = 104 to 111
27	-30	30	-3	64	23	30	0	cell = 112 to 119
31	18	68	0	38	-1	56	-26	cell = 120 to 127
43	-13	55	16	61	1	42	-12	cell = 128 to 135
34	3	32	-41	33	-8	8	-32	cell = 136 to 143
32	6	78	-18	96	-19	59	9	cell = 144 to 151
54	-2	47	15	15	3	14	-32	cell = 152 to 159
24	18	35	-24	28	-2	32	-39	cell = 160 to 167
31	6	61	4	34	-20	36	-35	cell = 168 to 175
23	-9	-8	-16	4	-4	45	-10	cell = 176 to 183
10	-15	44	-9	55	-12	90	-17	cell = 184 to 191
39	8	17	10	-2	-12	23	-58	cell = 192 to 199
12	-28	30	-11	66	1	50	-8	cell = 200 to 207
23	-22	37	-16	21	24	33	3	cell = 208 to 215
53	-2	39	-6	31	-17	31	-6	cell = 216 to 223
40	-25	75	0	58	-8	81	-3	cell = 224 to 231
10	-14	80	-12	29	16	43	21	cell = 232 to 239
65	21	64	-22	42	6	88	-31	cell = 240 to 247
43	-40	15	-24	57	17	65	22	cell = 248 to 255
39	4	46	-26	17	-25	58	-26	cell = 256 to 263
60	-32	32	-29	63	33	61	-28	cell = 264 to 271
40	-18	31	5	32	16	21	-13	cell = 272 to 279
17	2	67	-27	35	-39	92	-27	cell = 280 to 287
70	20	89	-30	53	-16	44	7	cell = 288 to 295
26	-31	68	-4	37	-11	64	-18	cell = 296 to 303
42	-17	21	-18	67	-19	33	-29	cell = 304 to 311
30	16	92	12	0	-27	53	-41	cell = 312 to 319
51	36	-8	-6	48	6	17	-6	cell = 320 to 327
50	25	32	-17	23	-10	40	-1	cell = 328 to 335
22	17	54	-18	13	14	79	-45	cell = 336 to 343
22	10	39	8	33	-22	82	14	cell = 344 to 351
25	-29	33	0	41	-33	48	-24	cell = 352 to 359
76	22	55	-19	16	-2	35	-40	cell = 360 to 367
26	4	40	-18	48	11	-13	-42	cell = 368 to 375
31	-27	62	6	20	-4	29	13	cell = 376 to 383
55	-7	66	-46	56	-10	40	-21	cell = 384 to 391
70	-37	49	-45	48	6	93	-10	cell = 392 to 399
50	-24	67	2	56	-24	52	4	cell = 400 to 407
67	43	50	-7	10	-50	56	-14	cell = 408 to 415
55	7	51	-35	27	11	26	-3	cell = 416 to 423
40	-44	50	-3	55	21	18	-20	cell = 424 to 431
22	-19	45	14	36	0	41	-25	cell = 432 to 439
23	-8	85	16	53	-31	63	10	cell = 440 to 447
22	12	45	2	52	-4	51	-17	cell = 448 to 455
-6	-18	78	-13	43	22	41	-28	cell = 456 to 463
54	-35	86	-18	31	6	54	8	cell = 464 to 471
50	-8	60	8	45	-56	55	-13	cell = 472 to 479
39	30	9	0	43	20	29	4	cell = 480 to 487
24	8	29	-52	54	7	26	-9	cell = 488 to 495
11	-8	11	-77	-26	-71	-39	-40	cell = 496 to 503
-18	4	70	-7	40	22	54	3	cell = 504 to 511
-38	-27	-13	-34	-18	-12	-20	-15	cell = 512 to 519
-14	18	-47	-51	-53	41	-1	-22	cell = 520 to 527
-31	2	-55	24	-9	-40	-67	45	cell = 528 to 535
34	3	-37	9	13	-25	11	-6	cell = 536 to 543
-36	-27	-36	-22	-45	-30	-59	-31	cell = 544 to 551
-17	-18	-17	-22	-33	-27	-26	6	cell = 552 to 559
-36	-35	-5	-30	-30	-22	-5	-8	cell = 560 to 567
-43	-24	-7	-21	-11	-22	-11	7	cell = 568 to 575
-53	27	-37	-43	-35	4	-14	-1	cell = 576 to 583
-16	1	-36	-49	-47	-28	-44	-32	cell = 584 to 591
40	-2	-9	5	-12	-12	19	-26	cell = 592 to 599
-29	-18	-4	-24	-22	6	-22	7	cell = 600 to 607
-8	-48	-39	-28	-5	-7	-54	35	cell = 608 to 615
-5	-44	-33	42	2	-6	-9	7	cell = 616 to 623
-13	-39	9	-15	-4	-34	10	14	cell = 624 to 631
-23	14	16	-18	-17	-33	-26	13	cell = 632 to 639
-3	-27	-50	-18	-30	-29	-27	-12	cell = 640 to 647
15	-4	-7	-9	23	-42	-2	0	cell = 648 to 655
-22	-7	-39	8	-21	5	-46	-17	cell = 656 to 663
-10	-17	-11	-38	-32	16	0	-4	cell = 664 to 671
-35	-3	-30	-13	-2	-56	-25	-22	cell = 672 to 679
33	-58	-61	-4	-44	-42	2	12	cell = 680 to 687
-28	-14	-7	-42	-29	12	-11	-45	cell = 688 to 695
2	-51	-58	-3	-38	1	-21	-39	cell = 696 to 703
-15	-33	-5	-23	-15	-22	-23	-36	cell = 704 to 711
-6	-33	-16	-15	-35	-2	6	-15	cell = 712 to 719
-32	-28	-18	-5	7	-12	-8	-23	cell = 720 to 727
-25	-12	-31	-32	-15	-60	-4	4	cell = 728 to 735
9	-5	-30	-17	-43	-26	-38	-14	cell = 736 to 743
-27	-10	-7	-12	-33	-12	6	-19	cell = 744 to 751
-18	1	-5	-12	-8	-47	-10	-19	cell = 752 to 759
-37	-29	-52	-16	-66	-2	-15	-20	cell = 760 to 767
-41	-3	-3	-5	-6	-38	0	-8	cell = 768 to 775
-21	-21	-10	-5	7	-32	-43	-13	cell = 776 to 783
5	-26	-11	-24	-14	-23	-34	0	cell = 784 to 791
2	-48	-62	-5	-9	-25	-54	-13	cell = 792 to 799
-10	-37	-23	-52	-20	-26	-1	-21	cell = 800 to 807
-30	-41	12	-7	-35	-45	-24	-15	cell = 808 to 815
31	-50	-41	-13	3	-3	-8	-4	cell = 816 to 823
-15	-7	-15	-10	-27	0	15	-39	cell = 824 to 831
-15	-33	3	-3	-10	-47	-50	-13	cell = 832 to 839
-5	-25	5	-4	-2	12	18	4	cell = 840 to 847
-29	14	-22	35	-29	-30	-30	5	cell = 848 to 855
-47	-31	29	-45	-19	-19	9	20	cell = 856 to 863
-5	-26	35	-18	-18	-11	-55	-5	cell = 864 to 871
-24	-26	-35	-2	-11	-6	-28	15	cell = 872 to 879
-61	-61	-30	-13	11	0	-3	-12	cell = 880 to 887
-46	-29	-2	8	-28	12	2	-20	cell = 888 to 895
-41	-6	-16	-58	-9	-46	-25	-13	cell = 896 to 903
-29	-37	-1	5	-14	11	4	6	cell = 904 to 911
36	24	-44	-13	-56	-40	-7	30	cell = 912 to 919
-13	1	-11	21	34	-45	37	-2	cell = 920 to 927
-24	-45	-41	-38	-47	-34	-41	11	cell = 928 to 935
-8	20	-24	-12	-74	16	-29	-8	cell = 936 to 943
-48	17	4	-7	-22	-57	-22	-10	cell = 944 to 951
-25	-12	13	-56	-43	-5	3	-4	cell = 952 to 959
6	-29	6	10	0	-15	-50	11	cell = 960 to 967
-41	-10	-62	13	17	-14	-6	28	cell = 968 to 975
-21	-52	3	-32	-17	-13	-33	2	cell = 976 to 983
-7	-31	-35	-30	-3	-36	-35	-10	cell = 984 to 991
-27	-12	10	-7	2	-22	-19	-18	cell = 992 to 999
-3	-7	-23	-20	35	28	-30	14	cell = 1000 to 1007
-27	-31	-5	-11	-36	-22	-43	-52	cell = 1008 to 1015
-12	-22	-4	-30	-47	-4	-30	25	cell = 1016 to 1023
Calibration values from cell 0 to 1024 for channel 8:

64	37	17	6	57	-7	54	-21	cell = 0 to 7
38	34	36	7	32	-25	48	-5	cell = 8 to 15
65	9	25	8	17	-47	66	4	cell = 16 to 23
33	21	45	34	59	-20	66	-50	cell = 24 to 31
8	8	38	17	65	20	73	9	cell = 32 to 39
34	-34	52	-24	12	0	63	-16	cell = 40 to 47
2	1	74	-38	33	-6	34	-23	cell = 48 to 55
48	-38	4	-3	62	-15	60	-20	cell = 56 to 63
64	23	32	-24	66	-22	26	6	cell = 64 to 71
46	10	57	-7	47	19	39	-8	cell = 72 to 79
30	20	72	-36	54	11	19	-41	cell = 80 to 87
50	25	68	-25	44	36	24	20	cell = 88 to 95
38	-7	27	30	33	-16	73	-9	cell = 96 to 103
54	-18	18	14	30	-39	41	-5	cell = 104 to 111
47	27	50	2	56	-28	83	25	cell = 112 to 119
35	-2	38	-32	20	51	57	-43	cell = 120 to 127
42	13	31	-54	44	4	43	1	cell = 128 to 135
33	-10	42	-48	15	1	73	-38	cell = 136 to 143
36	-2	36	-13	41	0	70	-45	cell = 144 to 151
27	28	22	-1	10	-4	15	14	cell = 152 to 159
78	-10	85	14	100	-14	86	-24	cell = 160 to 167
45	20	58	-3	51	-8	43	-10	cell = 168 to 175
31	4	5	2	55	24	105	-21	cell = 176 to 183
92	28	11	-14	27	0	73	-13	cell = 184 to 191
16	3	74	-27	-8	-3	32	-53	cell = 192 to 199
50	-12	7	-7	56	-23	16	-8	cell = 200 to 207
72	20	59	-23	62	17	74	-25	cell = 208 to 215
71	24	52	-38	76	25	0	-17	cell = 216 to 223
20	8	60	16	57	15	53	-8	cell = 224 to 231
51	-10	61	-4	57	-43	48	-29	cell = 232 to 239
79	-8	21	-31	47	46	73	-35	cell = 240 to 247
38	-52	41	9	55	22	33	-40	cell = 248 to 255
37	-7	36	11	-18	-30	67	-8	cell = 256 to 263
28	0	-4	-20	67	20	22	-24	cell = 264 to 271
49	29	45	-16	18	-39	58	-61	cell = 272 to 279
37	16	31	-9	45	-1	64	-51	cell = 280 to 287
69	20	67	25	20	31	48	-2	cell = 288 to 295
80	1	46	-1	59	5	49	-26	cell = 296 to 303
-12	-24	87	-56	27	40	64	-35	cell = 304 to 311
26	-19	35	16	62	-29	65	-57	cell = 312 to 319
14	-26	65	-11	49	16	4	-24	cell = 320 to 327
16	18	-4	20	60	39	65	-13	cell = 328 to 335
12	-58	59	5	67	35	28	-36	cell = 336 to 343
8	-3	62	-3	29	5	26	-31	cell = 344 to 351
63	5	52	-39	22	-32	4	55	cell = 352 to 359
35	-5	55	37	34	7	65	-31	cell = 360 to 367
48	-5	79	15	30	-7	23	-30	cell = 368 to 375
35	-4	49	5	17	-37	70	-7	cell = 376 to 383
64	-5	62	-20	32	-44	27	12	cell = 384 to 391
28	15	79	-20	17	32	73	-63	cell = 392 to 399
19	32	50	13	16	-4	22	-14	cell = 400 to 407
15	18	64	22	9	-47	44	28	cell = 408 to 415
58	-39	45	17	50	3	53	-2	cell = 416 to 423
67	4	45	-50	75	-27	40	-22	cell = 424 to 431
58	-10	35	1	30	20	15	-4	cell = 432 to 439
59	6	12	-34	118	-40	39	-15	cell = 440 to 447
10	-25	9	-26	69	-29	20	-38	cell = 448 to 455
46	-51	33	-3	28	37	54	-22	cell = 456 to 463
27	1	43	1	62	21	6	-9	cell = 464 to 471
16	-10	75	-52	26	31	45	-33	cell = 472 to 479
33	19	38	-41	28	-2	73	-19	cell = 480 to 487
17	20	78	-30	25	-5	98	6	cell = 488 to 495
55	-32	1	-94	-27	-92	-44	-40	cell = 496 to 503
13	-44	13	-15	35	-5	72	-35	cell = 504 to 511
-2	-42	-18	-7	-1	-35	-26	21	cell = 512 to 519
-62	-20	-10	-16	21	-52	-55	-13	cell = 520 to 527
4	-43	-59	-5	-58	-47	-47	-41	cell = 528 to 535
-22	-37	-36	-23	1	-18	0	-21	cell = 536 to 543
21	-31	-24	8	-10	-23	-59	-32	cell = 544 to 551
-28	0	-27	5	-22	-75	-45	9	cell = 552 to 559
-12	9	-36	6	-8	1	-13	-26	cell = 560 to 567
-41	2	6	-10	-26	-12	-65	-29	cell = 568 to 575
-2	-30	-39	-31	-21	-11	-43	18	cell = 576 to 583
-49	3	-43	21	8	-24	-56	8	cell = 584 to 591
-28	-50	-52	-13	-62	1	-32	-45	cell = 592 to 599
-16	-45	-57	11	-6	-43	2	-6	cell = 600 to 607
-24	-24	-23	54	-11	24	-39	-43	cell = 608 to 615
-22	29	-5	-16	8	-18	-12	4	cell = 616 to 623
-25	5	-43	-8	5	-5	-41	-12	cell = 624 to 631
-41	-62	5	30	-20	-26	-28	-42	cell = 632 to 639
-37	-37	11	-37	-29	9	9	-9	cell = 640 to 647
-8	-10	-71	-8	3	14	-34	-60	cell = 648 to 655
-39	-11	-14	2	-51	-9	-60	-3	cell = 656 to 663
-47	9	-5	-29	-42	-61	-56	-25	cell = 664 to 671
-31	3	-37	0	-21	-2	-59	-15	cell = 672 to 679
4	-16	-25	16	0	-28	-7	-27	cell = 680 to 687
8	11	-36	-19	8	-30	-38	-28	cell = 688 to 695
-24	-58	-39	18	-28	-21	-23	-9	cell = 696 to 703
-1	16	-20	4	-15	-20	-12	-10	cell = 704 to 711
-8	16	-35	-29	-33	-39	-69	-48	cell = 712 to 719
-34	-3	-29	-49	-1	-51	-26	-32	cell = 720 to 727
1	2	-35	-35	12	-1	-34	15	cell = 728 to 735
21	27	-6	0	-44	-19	-44	-2	cell = 736 to 743
-4	-19	-53	-12	-33	-27	-38	18	cell = 744 to 751
-56	-4	7	17	-37	-29	0	-28	cell = 752 to 759
-40	-13	17	-14	-26	-19	-64	-16	cell = 760 to 767
-17	-13	-24	-32	-19	18	-20	11	cell = 768 to 775
-10	22	-26	27	11	-29	-43	-33	cell = 776 to 783
-2	-19	-35	10	-25	12	3	34	cell = 784 to 791
-44	-31	-7	-27	-8	11	-28	-24	cell = 792 to 799
-42	-12	-10	-8	-49	-36	-15	1	cell = 800 to 807
-35	34	-13	1	-46	-43	-42	-28	cell = 808 to 815
13	-12	-6	1	-58	-31	-7	3	cell = 816 to 823
11	-1	-21	-16	-22	-16	6	33	cell = 824 to 831
29	39	-21	7	8	-32	-4	-21	cell = 832 to 839
-4	4	-28	17	-2	-27	-39	2	cell = 840 to 847
-50	-24	15	15	-2	-16	-11	4	cell = 848 to 855
-56	-48	-40	-12	-4	-24	-21	-25	cell = 856 to 863
-38	0	-21	-21	-51	-8	-42	3	cell = 864 to 871
-9	-18	11	-16	7	-44	-71	2	cell = 872 to 879
5	-13	-39	15	20	-26	-31	-10	cell = 880 to 887
-29	-41	-52	1	-12	32	-3	-34	cell = 888 to 895
21	-25	-20	-20	-13	-13	-37	-20	cell = 896 to 903
4	42	-12	0	-29	-18	-37	-14	cell = 904 to 911
-21	-28	-5	34	-37	-2	-30	-6	cell = 912 to 919
9	-57	-44	-49	-55	-35	-31	-21	cell = 920 to 927
-5	-27	-21	2	-46	-7	-4	-8	cell = 928 to 935
18	11	11	-21	-16	15	-36	3	cell = 936 to 943
-31	-20	-20	4	16	-52	-23	-7	cell = 944 to 951
-29	-7	-28	15	-27	-30	-31	-4	cell = 952 to 959
-22	-31	-26	-22	-46	15	-11	-36	cell = 960 to 967
6	-1	-91	6	-34	-50	-49	-39	cell = 968 to 975
-23	-9	-56	1	-61	-36	-25	-11	cell = 976 to 983
30	-6	29	18	-8	-38	-7	-9	cell = 984 to 991
-20	0	-16	-32	-28	-40	-49	-14	cell = 992 to 999
-13	1	-7	-3	-10	-25	-26	-8	cell = 1000 to 1007
4	-58	-12	-20	-44	-6	-77	-11	cell = 1008 to 1015
-22	30	-26	4	-45	52	3	-4	cell = 1016 to 1023
