Calibration values (ps) from cell 0 to 1024 :

00000.000	00001.311	00002.624	00003.930	00005.216	00006.493	00007.793	00009.106	cell = 0 to 7
00010.429	00011.747	00013.058	00014.390	00015.725	00017.073	00018.423	00019.773	cell = 8 to 15
00021.112	00022.443	00023.773	00025.110	00026.471	00027.837	00029.185	00030.523	cell = 16 to 23
00031.870	00033.224	00034.557	00035.886	00037.201	00038.516	00039.853	00041.203	cell = 24 to 31
00042.547	00043.881	00045.198	00046.516	00047.849	00049.195	00050.531	00051.845	cell = 32 to 39
00053.158	00054.482	00055.836	00057.204	00058.552	00059.869	00061.192	00062.537	cell = 40 to 47
00063.902	00065.257	00066.587	00067.901	00069.221	00070.576	00071.952	00073.318	cell = 48 to 55
00074.651	00075.949	00077.242	00078.568	00079.920	00081.263	00082.591	00083.922	cell = 56 to 63
00085.277	00086.639	00087.988	00089.315	00090.623	00091.913	00093.202	00094.515	cell = 64 to 71
00095.850	00097.182	00098.494	00099.796	00101.107	00102.434	00103.752	00105.075	cell = 72 to 79
00106.413	00107.746	00109.075	00110.398	00111.730	00113.076	00114.423	00115.768	cell = 80 to 87
00117.113	00118.461	00119.801	00121.132	00122.463	00123.783	00125.083	00126.383	cell = 88 to 95
00127.700	00129.028	00130.363	00131.706	00133.043	00134.379	00135.721	00137.076	cell = 96 to 103
00138.438	00139.778	00141.103	00142.426	00143.756	00145.084	00146.386	00147.691	cell = 104 to 111
00149.009	00150.322	00151.625	00152.919	00154.213	00155.508	00156.793	00158.076	cell = 112 to 119
00159.393	00160.729	00162.062	00163.394	00164.751	00166.117	00167.463	00168.798	cell = 120 to 127
00170.139	00171.490	00172.841	00174.167	00175.486	00176.818	00178.128	00179.423	cell = 128 to 135
00180.727	00182.039	00183.337	00184.628	00185.935	00187.274	00188.604	00189.940	cell = 136 to 143
00191.273	00192.612	00193.973	00195.312	00196.628	00197.953	00199.282	00200.612	cell = 144 to 151
00201.958	00203.324	00204.667	00205.979	00207.294	00208.607	00209.907	00211.198	cell = 152 to 159
00212.483	00213.782	00215.122	00216.490	00217.859	00219.231	00220.589	00221.915	cell = 160 to 167
00223.235	00224.576	00225.918	00227.242	00228.579	00229.926	00231.265	00232.607	cell = 168 to 175
00233.933	00235.266	00236.588	00237.906	00239.215	00240.539	00241.882	00243.210	cell = 176 to 183
00244.536	00245.888	00247.246	00248.596	00249.953	00251.311	00252.638	00253.934	cell = 184 to 191
00255.229	00256.534	00257.848	00259.187	00260.525	00261.861	00263.209	00264.548	cell = 192 to 199
00265.871	00267.189	00268.520	00269.853	00271.203	00272.588	00273.987	00275.371	cell = 200 to 207
00276.748	00278.100	00279.434	00280.758	00282.081	00283.422	00284.765	00286.121	cell = 208 to 215
00287.470	00288.807	00290.133	00291.453	00292.772	00294.109	00295.441	00296.776	cell = 216 to 223
00298.124	00299.470	00300.807	00302.140	00303.475	00304.813	00306.157	00307.529	cell = 224 to 231
00308.917	00310.304	00311.675	00313.018	00314.356	00315.688	00317.001	00318.316	cell = 232 to 239
00319.638	00320.981	00322.322	00323.668	00325.030	00326.389	00327.713	00329.014	cell = 240 to 247
00330.308	00331.626	00332.965	00334.292	00335.630	00336.996	00338.358	00339.728	cell = 248 to 255
00341.101	00342.458	00343.781	00345.092	00346.410	00347.746	00349.108	00350.462	cell = 256 to 263
00351.809	00353.174	00354.547	00355.920	00357.294	00358.650	00359.976	00361.285	cell = 264 to 271
00362.595	00363.909	00365.219	00366.531	00367.848	00369.165	00370.495	00371.832	cell = 272 to 279
00373.174	00374.523	00375.860	00377.189	00378.552	00379.935	00381.306	00382.661	cell = 280 to 287
00384.029	00385.391	00386.732	00388.085	00389.448	00390.803	00392.134	00393.447	cell = 288 to 295
00394.761	00396.083	00397.404	00398.739	00400.093	00401.463	00402.831	00404.197	cell = 296 to 303
00405.576	00406.942	00408.283	00409.630	00410.993	00412.364	00413.733	00415.093	cell = 304 to 311
00416.434	00417.743	00419.035	00420.331	00421.640	00422.967	00424.290	00425.624	cell = 312 to 319
00426.974	00428.326	00429.643	00430.942	00432.253	00433.575	00434.894	00436.228	cell = 320 to 327
00437.611	00439.009	00440.394	00441.764	00443.115	00444.462	00445.784	00447.096	cell = 328 to 335
00448.433	00449.806	00451.167	00452.512	00453.866	00455.218	00456.534	00457.844	cell = 336 to 343
00459.155	00460.492	00461.834	00463.186	00464.550	00465.941	00467.323	00468.676	cell = 344 to 351
00470.018	00471.367	00472.698	00474.024	00475.363	00476.713	00478.050	00479.401	cell = 352 to 359
00480.740	00482.084	00483.414	00484.732	00486.048	00487.364	00488.676	00489.988	cell = 360 to 367
00491.326	00492.689	00494.045	00495.396	00496.741	00498.058	00499.365	00500.670	cell = 368 to 375
00501.980	00503.293	00504.603	00505.901	00507.217	00508.576	00509.945	00511.292	cell = 376 to 383
00512.638	00513.989	00515.334	00516.681	00518.042	00519.396	00520.745	00522.086	cell = 384 to 391
00523.431	00524.797	00526.165	00527.495	00528.817	00530.158	00531.495	00532.835	cell = 392 to 399
00534.182	00535.536	00536.877	00538.224	00539.582	00540.957	00542.333	00543.701	cell = 400 to 407
00545.072	00546.453	00547.836	00549.200	00550.540	00551.880	00553.199	00554.515	cell = 408 to 415
00555.841	00557.179	00558.507	00559.831	00561.171	00562.532	00563.895	00565.240	cell = 416 to 423
00566.574	00567.899	00569.237	00570.572	00571.915	00573.272	00574.613	00575.940	cell = 424 to 431
00577.279	00578.631	00579.975	00581.290	00582.583	00583.872	00585.167	00586.475	cell = 432 to 439
00587.807	00589.138	00590.482	00591.810	00593.130	00594.472	00595.818	00597.158	cell = 440 to 447
00598.504	00599.858	00601.226	00602.596	00603.955	00605.289	00606.601	00607.912	cell = 448 to 455
00609.246	00610.597	00611.973	00613.336	00614.682	00616.025	00617.370	00618.691	cell = 456 to 463
00619.994	00621.293	00622.602	00623.943	00625.307	00626.671	00628.012	00629.341	cell = 464 to 471
00630.667	00632.000	00633.357	00634.707	00636.024	00637.335	00638.668	00640.012	cell = 472 to 479
00641.343	00642.668	00643.985	00645.293	00646.614	00647.971	00649.332	00650.674	cell = 480 to 487
00651.995	00653.315	00654.654	00655.996	00657.321	00658.626	00659.946	00661.264	cell = 488 to 495
00662.595	00663.943	00665.292	00666.611	00667.901	00669.201	00670.508	00671.801	cell = 496 to 503
00673.060	00674.328	00675.631	00676.970	00678.319	00679.647	00680.978	00682.304	cell = 504 to 511
00683.605	00684.896	00686.216	00687.549	00688.874	00690.191	00691.521	00692.880	cell = 512 to 519
00694.222	00695.529	00696.825	00698.138	00699.478	00700.815	00702.163	00703.528	cell = 520 to 527
00704.876	00706.203	00707.528	00708.860	00710.189	00711.515	00712.849	00714.205	cell = 528 to 535
00715.583	00716.941	00718.281	00719.631	00720.981	00722.305	00723.624	00724.956	cell = 536 to 543
00726.298	00727.633	00728.971	00730.320	00731.686	00733.042	00734.400	00735.763	cell = 544 to 551
00737.130	00738.459	00739.776	00741.106	00742.442	00743.775	00745.117	00746.480	cell = 552 to 559
00747.847	00749.184	00750.523	00751.861	00753.187	00754.496	00755.801	00757.121	cell = 560 to 567
00758.462	00759.795	00761.131	00762.493	00763.841	00765.173	00766.508	00767.857	cell = 568 to 575
00769.197	00770.503	00771.796	00773.109	00774.436	00775.771	00777.113	00778.473	cell = 576 to 583
00779.814	00781.125	00782.436	00783.757	00785.070	00786.367	00787.668	00789.007	cell = 584 to 591
00790.363	00791.702	00793.016	00794.333	00795.639	00796.921	00798.215	00799.537	cell = 592 to 599
00800.877	00802.199	00803.531	00804.901	00806.274	00807.616	00808.945	00810.285	cell = 600 to 607
00811.648	00812.999	00814.333	00815.676	00817.023	00818.342	00819.672	00821.048	cell = 608 to 615
00822.416	00823.744	00825.056	00826.372	00827.696	00829.005	00830.304	00831.629	cell = 616 to 623
00832.981	00834.341	00835.704	00837.093	00838.468	00839.799	00841.110	00842.427	cell = 624 to 631
00843.755	00845.078	00846.418	00847.785	00849.152	00850.493	00851.821	00853.174	cell = 632 to 639
00854.541	00855.882	00857.196	00858.505	00859.813	00861.127	00862.452	00863.796	cell = 640 to 647
00865.123	00866.425	00867.730	00869.064	00870.430	00871.763	00873.057	00874.343	cell = 648 to 655
00875.649	00876.981	00878.335	00879.718	00881.082	00882.421	00883.750	00885.105	cell = 656 to 663
00886.461	00887.785	00889.082	00890.387	00891.730	00893.080	00894.421	00895.746	cell = 664 to 671
00897.055	00898.349	00899.646	00900.969	00902.317	00903.662	00905.001	00906.355	cell = 672 to 679
00907.703	00909.042	00910.359	00911.671	00912.977	00914.282	00915.588	00916.897	cell = 680 to 687
00918.217	00919.533	00920.843	00922.157	00923.485	00924.803	00926.126	00927.453	cell = 688 to 695
00928.786	00930.110	00931.426	00932.758	00934.108	00935.465	00936.828	00938.192	cell = 696 to 703
00939.562	00940.916	00942.254	00943.587	00944.903	00946.203	00947.489	00948.789	cell = 704 to 711
00950.119	00951.459	00952.789	00954.125	00955.461	00956.783	00958.084	00959.409	cell = 712 to 719
00960.746	00962.087	00963.429	00964.802	00966.179	00967.567	00968.947	00970.315	cell = 720 to 727
00971.675	00973.025	00974.385	00975.758	00977.139	00978.504	00979.851	00981.198	cell = 728 to 735
00982.543	00983.869	00985.208	00986.561	00987.931	00989.310	00990.698	00992.075	cell = 736 to 743
00993.430	00994.756	00996.057	00997.369	00998.680	00999.980	01001.290	01002.631	cell = 744 to 751
01003.981	01005.308	01006.623	01007.938	01009.246	01010.537	01011.835	01013.160	cell = 752 to 759
01014.515	01015.878	01017.238	01018.613	01019.996	01021.339	01022.655	01023.996	cell = 760 to 767
01025.353	01026.695	01028.032	01029.382	01030.729	01032.064	01033.382	01034.694	cell = 768 to 775
01036.020	01037.349	01038.679	01040.023	01041.380	01042.705	01044.005	01045.323	cell = 776 to 783
01046.641	01047.945	01049.244	01050.566	01051.904	01053.249	01054.599	01055.954	cell = 784 to 791
01057.303	01058.636	01059.964	01061.301	01062.658	01063.988	01065.300	01066.633	cell = 792 to 799
01067.986	01069.326	01070.651	01071.977	01073.305	01074.627	01075.945	01077.279	cell = 800 to 807
01078.622	01079.954	01081.286	01082.623	01083.978	01085.320	01086.652	01087.983	cell = 808 to 815
01089.312	01090.629	01091.940	01093.255	01094.567	01095.869	01097.167	01098.472	cell = 816 to 823
01099.778	01101.079	01102.389	01103.712	01105.052	01106.381	01107.716	01109.084	cell = 824 to 831
01110.456	01111.799	01113.124	01114.457	01115.800	01117.121	01118.439	01119.778	cell = 832 to 839
01121.116	01122.445	01123.757	01125.068	01126.398	01127.713	01129.022	01130.359	cell = 840 to 847
01131.734	01133.097	01134.438	01135.788	01137.157	01138.507	01139.846	01141.203	cell = 848 to 855
01142.568	01143.943	01145.320	01146.691	01148.040	01149.351	01150.644	01151.948	cell = 856 to 863
01153.278	01154.611	01155.940	01157.282	01158.630	01159.965	01161.304	01162.640	cell = 864 to 871
01163.942	01165.222	01166.501	01167.797	01169.105	01170.424	01171.734	01173.045	cell = 872 to 879
01174.352	01175.662	01176.974	01178.292	01179.610	01180.891	01182.161	01183.467	cell = 880 to 887
01184.800	01186.133	01187.471	01188.816	01190.145	01191.477	01192.814	01194.154	cell = 888 to 895
01195.479	01196.789	01198.089	01199.405	01200.728	01202.033	01203.323	01204.630	cell = 896 to 903
01205.957	01207.265	01208.573	01209.906	01211.245	01212.571	01213.882	01215.201	cell = 904 to 911
01216.514	01217.816	01219.122	01220.449	01221.805	01223.149	01224.469	01225.797	cell = 912 to 919
01227.144	01228.469	01229.780	01231.107	01232.441	01233.770	01235.099	01236.437	cell = 920 to 927
01237.762	01239.066	01240.366	01241.687	01243.024	01244.364	01245.694	01247.043	cell = 928 to 935
01248.412	01249.760	01251.083	01252.420	01253.764	01255.095	01256.432	01257.803	cell = 936 to 943
01259.172	01260.510	01261.832	01263.157	01264.478	01265.771	01267.047	01268.329	cell = 944 to 951
01269.618	01270.907	01272.193	01273.499	01274.836	01276.173	01277.504	01278.858	cell = 952 to 959
01280.213	01281.551	01282.876	01284.190	01285.501	01286.806	01288.113	01289.458	cell = 960 to 967
01290.818	01292.180	01293.514	01294.843	01296.156	01297.456	01298.765	01300.111	cell = 968 to 975
01301.491	01302.877	01304.260	01305.652	01307.015	01308.340	01309.634	01310.917	cell = 976 to 983
01312.215	01313.534	01314.868	01316.217	01317.568	01318.876	01320.161	01321.446	cell = 984 to 991
01322.746	01324.051	01325.362	01326.703	01328.076	01329.467	01330.860	01332.227	cell = 992 to 999
01333.583	01334.919	01336.224	01337.535	01338.845	01340.160	01341.470	01342.774	cell = 1000 to 1007
01344.095	01345.427	01346.757	01348.077	01349.391	01350.716	01352.056	01353.368	cell = 1008 to 1015
01354.672	01355.998	01357.333	01358.686	01360.034	01361.372	01362.708	01364.026	cell = 1016 to 1023
