Calibration values from cell 0 to 1024 for channel 0:

17199	28271	26982	30055	24946	26996	28271	12147	cell = 0 to 7
26948	26983	26996	25978	20338	26214	25971	23412	cell = 8 to 15
12595	93	32512	0	17417	14303	32556	0	cell = 16 to 23
0	0	0	0	-15040	14337	32556	0	cell = 24 to 31
0	0	0	0	-5376	-12761	-14364	14388	cell = 32 to 39
0	0	0	0	1	0	0	0	cell = 40 to 47
0	0	0	0	0	0	0	0	cell = 48 to 55
26660	-27596	22011	0	0	0	0	0	cell = 56 to 63
0	0	0	0	-3331	-27887	22011	0	cell = 64 to 71
9568	10512	32765	0	26496	-27596	22011	0	cell = 72 to 79
-3839	-3086	-2572	-2058	-11952	-27878	22011	0	cell = 80 to 87
10240	10512	32765	0	9664	10512	32765	0	cell = 88 to 95
2	0	0	0	9912	10512	32765	0	cell = 96 to 103
-11624	-27878	22011	0	-169	-27887	22011	0	cell = 104 to 111
-4096	14122	32556	0	9672	10512	32765	0	cell = 112 to 119
30034	8302	30648	3	-1	-1	22011	0	cell = 120 to 127
-11624	-27878	22011	0	-11760	-27878	22011	0	cell = 128 to 135
17008	-27596	22011	0	17008	-27596	22011	0	cell = 136 to 143
17008	-27596	22011	0	17008	-27596	22011	0	cell = 144 to 151
17008	-27596	22011	0	25199	-27596	22011	0	cell = 152 to 159
7392	14263	32556	0	0	0	0	0	cell = 160 to 167
0	0	0	0	0	0	0	0	cell = 168 to 175
0	0	0	0	0	0	0	0	cell = 176 to 183
-9504	-27597	22011	0	1	0	0	0	cell = 184 to 191
16	0	0	0	0	0	0	0	cell = 192 to 199
0	0	0	0	0	0	0	0	cell = 200 to 207
17008	-27596	22011	0	8192	0	0	0	cell = 208 to 215
1	1	0	0	0	0	0	0	cell = 216 to 223
0	0	0	0	0	0	0	0	cell = 224 to 231
5744	14263	32556	0	0	0	0	0	cell = 232 to 239
0	0	0	0	0	0	0	0	cell = 240 to 247
0	0	0	0	-11584	-27878	22011	0	cell = 248 to 255
6	0	0	0	0	0	0	0	cell = 256 to 263
4098	0	0	0	0	0	32556	0	cell = 264 to 271
0	0	0	0	0	0	0	0	cell = 272 to 279
0	0	0	0	0	0	0	0	cell = 280 to 287
0	0	0	0	0	0	0	0	cell = 288 to 295
0	0	0	0	0	0	0	0	cell = 296 to 303
0	0	0	0	0	0	0	0	cell = 304 to 311
0	0	0	0	0	0	0	0	cell = 312 to 319
0	0	0	0	0	0	0	0	cell = 320 to 327
0	0	0	0	0	0	0	0	cell = 328 to 335
0	0	0	0	0	0	0	0	cell = 336 to 343
0	0	0	0	8	0	32556	0	cell = 344 to 351
9976	10512	32765	0	7392	14263	32556	0	cell = 352 to 359
0	0	0	0	0	-27880	22011	0	cell = 360 to 367
9672	10512	32765	0	5888	14263	32556	0	cell = 368 to 375
5776	14263	32556	0	5792	14263	32556	0	cell = 376 to 383
16	0	0	0	-5376	-12761	-14364	14388	cell = 384 to 391
-29211	-27880	22011	0	15136	-27877	22011	0	cell = 392 to 399
1	0	0	0	0	0	0	0	cell = 400 to 407
10568	10512	32765	0	1	0	0	0	cell = 408 to 415
0	0	0	0	-14225	-27887	22011	0	cell = 416 to 423
5	0	0	0	28061	-27880	22011	0	cell = 424 to 431
25320	14210	32556	0	27984	-27880	22011	0	cell = 432 to 439
0	0	0	0	-11680	-27887	22011	0	cell = 440 to 447
10560	10512	32765	0	0	0	0	0	cell = 448 to 455
0	0	0	0	-28541	14181	32556	0	cell = 456 to 463
10584	10512	32765	0	10568	10512	32765	0	cell = 464 to 471
0	0	1	0	-15968	-27887	22011	0	cell = 472 to 479
27984	-27880	22011	0	10408	-18923	-13457	-31829	cell = 480 to 487
-11680	-27887	22011	0	10560	10512	32765	0	cell = 488 to 495
0	0	0	0	0	0	0	0	cell = 496 to 503
10408	-6443	-26289	31825	10408	-27013	-23132	32243	cell = 504 to 511
0	0	0	0	0	0	0	0	cell = 512 to 519
0	0	0	0	1	0	0	0	cell = 520 to 527
10568	10512	32765	0	10584	10512	32765	0	cell = 528 to 535
-11888	15383	32556	0	0	0	0	0	cell = 536 to 543
0	0	0	0	-11680	-27887	22011	0	cell = 544 to 551
10560	10512	32765	0	0	0	0	0	cell = 552 to 559
0	0	0	0	-11634	-27887	22011	0	cell = 560 to 567
10552	10512	32765	0	28	0	0	0	cell = 568 to 575
1	0	0	0	14854	10512	32765	0	cell = 576 to 583
0	0	0	0	14866	10512	32765	0	cell = 584 to 591
14882	10512	32765	0	14920	10512	32765	0	cell = 592 to 599
14978	10512	32765	0	14994	10512	32765	0	cell = 600 to 607
15041	10512	32765	0	15066	10512	32765	0	cell = 608 to 615
15172	10512	32765	0	15230	10512	32765	0	cell = 616 to 623
15290	10512	32765	0	15321	10512	32765	0	cell = 624 to 631
15359	10512	32765	0	15382	10512	32765	0	cell = 632 to 639
15438	10512	32765	0	15458	10512	32765	0	cell = 640 to 647
15499	10512	32765	0	15530	10512	32765	0	cell = 648 to 655
15554	10512	32765	0	15578	10512	32765	0	cell = 656 to 663
15608	10512	32765	0	15625	10512	32765	0	cell = 664 to 671
15702	10512	32765	0	15723	10512	32765	0	cell = 672 to 679
15752	10512	32765	0	15792	10512	32765	0	cell = 680 to 687
15881	10512	32765	0	15934	10512	32765	0	cell = 688 to 695
15960	10512	32765	0	16011	10512	32765	0	cell = 696 to 703
16026	10512	32765	0	16074	10512	32765	0	cell = 704 to 711
16083	10512	32765	0	16109	10512	32765	0	cell = 712 to 719
16129	10512	32765	0	16170	10512	32765	0	cell = 720 to 727
16183	10512	32765	0	16204	10512	32765	0	cell = 728 to 735
16252	10512	32765	0	17758	10512	32765	0	cell = 736 to 743
17784	10512	32765	0	17796	10512	32765	0	cell = 744 to 751
17830	10512	32765	0	17874	10512	32765	0	cell = 752 to 759
17899	10512	32765	0	17952	10512	32765	0	cell = 760 to 767
17981	10512	32765	0	18015	10512	32765	0	cell = 768 to 775
18038	10512	32765	0	18073	10512	32765	0	cell = 776 to 783
18172	10512	32765	0	18192	10512	32765	0	cell = 784 to 791
18222	10512	32765	0	18254	10512	32765	0	cell = 792 to 799
18268	10512	32765	0	18366	10512	32765	0	cell = 800 to 807
18377	10512	32765	0	18433	10512	32765	0	cell = 808 to 815
18492	10512	32765	0	18530	10512	32765	0	cell = 816 to 823
18538	10512	32765	0	18563	10512	32765	0	cell = 824 to 831
18584	10512	32765	0	18609	10512	32765	0	cell = 832 to 839
18661	10512	32765	0	18685	10512	32765	0	cell = 840 to 847
18712	10512	32765	0	18746	10512	32765	0	cell = 848 to 855
18765	10512	32765	0	18815	10512	32765	0	cell = 856 to 863
18875	10512	32765	0	18904	10512	32765	0	cell = 864 to 871
19280	10512	32765	0	19297	10512	32765	0	cell = 872 to 879
19328	10512	32765	0	19360	10512	32765	0	cell = 880 to 887
19395	10512	32765	0	19415	10512	32765	0	cell = 888 to 895
19473	10512	32765	0	19538	10512	32765	0	cell = 896 to 903
19928	10512	32765	0	19986	10512	32765	0	cell = 904 to 911
20040	10512	32765	0	20059	10512	32765	0	cell = 912 to 919
20121	10512	32765	0	20176	10512	32765	0	cell = 920 to 927
20219	10512	32765	0	20273	10512	32765	0	cell = 928 to 935
20329	10512	32765	0	20358	10512	32765	0	cell = 936 to 943
20381	10512	32765	0	20422	10512	32765	0	cell = 944 to 951
20446	10512	32765	0	0	0	0	0	cell = 952 to 959
33	0	0	0	4096	10521	32765	0	cell = 960 to 967
16	0	0	0	-1025	-16405	0	0	cell = 968 to 975
6	0	0	0	4096	0	0	0	cell = 976 to 983
17	0	0	0	100	0	0	0	cell = 984 to 991
3	0	0	0	16448	-27888	22011	0	cell = 992 to 999
4	0	0	0	56	0	0	0	cell = 1000 to 1007
5	0	0	0	13	0	0	0	cell = 1008 to 1015
7	0	0	0	-8192	15380	32556	0	cell = 1016 to 1023
Calibration values from cell 0 to 1024 for channel 1:

8	0	0	0	0	0	0	0	cell = 0 to 7
9	0	0	0	-11680	-27887	22011	0	cell = 8 to 15
11	0	0	0	1000	0	0	0	cell = 16 to 23
12	0	0	0	1000	0	0	0	cell = 24 to 31
13	0	0	0	1000	0	0	0	cell = 32 to 39
14	0	0	0	1000	0	0	0	cell = 40 to 47
23	0	0	0	0	0	0	0	cell = 48 to 55
25	0	0	0	11657	10512	32765	0	cell = 56 to 63
26	0	0	0	0	0	0	0	cell = 64 to 71
31	0	0	0	20460	10512	32765	0	cell = 72 to 79
15	0	0	0	11673	10512	32765	0	cell = 80 to 87
0	0	0	0	0	0	0	0	cell = 88 to 95
0	0	0	0	-18688	10219	-6962	13511	cell = 96 to 103
2616	-18469	-10779	21569	30868	13880	13919	52	cell = 104 to 111
0	0	0	0	0	0	0	0	cell = 112 to 119
0	0	0	0	0	0	0	0	cell = 120 to 127
0	0	0	0	0	0	0	0	cell = 128 to 135
0	0	0	0	0	0	0	0	cell = 136 to 143
0	0	0	0	0	0	0	0	cell = 144 to 151
0	0	0	0	0	0	0	0	cell = 152 to 159
0	0	0	0	0	0	0	0	cell = 160 to 167
0	0	0	0	0	0	0	0	cell = 168 to 175
0	0	0	0	0	0	0	0	cell = 176 to 183
0	0	0	0	0	0	0	0	cell = 184 to 191
0	0	0	0	0	0	0	0	cell = 192 to 199
0	0	0	0	0	0	0	0	cell = 200 to 207
0	0	0	0	0	0	0	0	cell = 208 to 215
0	0	0	0	0	0	0	0	cell = 216 to 223
0	0	0	0	0	0	0	0	cell = 224 to 231
0	0	0	0	0	0	0	0	cell = 232 to 239
0	0	0	0	0	0	0	0	cell = 240 to 247
0	0	0	0	0	0	0	0	cell = 248 to 255
0	0	0	0	0	0	0	0	cell = 256 to 263
0	0	0	0	0	0	0	0	cell = 264 to 271
0	0	0	0	0	0	0	0	cell = 272 to 279
0	0	0	0	0	0	0	0	cell = 280 to 287
0	0	0	0	0	0	0	0	cell = 288 to 295
0	0	0	0	0	0	0	0	cell = 296 to 303
0	0	0	0	0	0	0	0	cell = 304 to 311
0	0	0	0	0	0	0	0	cell = 312 to 319
0	0	0	0	0	0	0	0	cell = 320 to 327
0	0	0	0	0	0	0	0	cell = 328 to 335
0	0	0	0	0	0	0	0	cell = 336 to 343
0	0	0	0	0	0	0	0	cell = 344 to 351
0	0	0	0	0	0	0	0	cell = 352 to 359
0	0	0	0	0	0	0	0	cell = 360 to 367
0	0	0	0	0	0	0	0	cell = 368 to 375
0	0	0	0	0	0	0	0	cell = 376 to 383
0	0	0	0	0	0	0	0	cell = 384 to 391
0	0	0	0	0	0	0	0	cell = 392 to 399
0	0	0	0	0	0	0	0	cell = 400 to 407
0	0	0	0	0	0	0	0	cell = 408 to 415
0	0	0	0	0	0	0	0	cell = 416 to 423
0	0	0	0	0	0	0	0	cell = 424 to 431
0	0	0	0	0	0	0	0	cell = 432 to 439
0	0	0	0	0	0	0	0	cell = 440 to 447
0	0	0	0	0	0	0	0	cell = 448 to 455
0	0	0	0	0	0	0	0	cell = 456 to 463
0	0	0	0	0	0	0	0	cell = 464 to 471
0	0	0	0	0	0	0	0	cell = 472 to 479
0	0	0	0	0	0	0	0	cell = 480 to 487
0	0	0	0	0	0	0	0	cell = 488 to 495
0	0	0	0	0	0	0	0	cell = 496 to 503
0	0	0	0	0	0	0	0	cell = 504 to 511
0	0	0	0	0	0	0	0	cell = 512 to 519
0	0	0	0	0	0	0	0	cell = 520 to 527
0	0	0	0	0	0	0	0	cell = 528 to 535
0	0	0	0	0	0	0	0	cell = 536 to 543
0	0	0	0	0	0	0	0	cell = 544 to 551
0	0	0	0	0	0	0	0	cell = 552 to 559
0	0	0	0	0	0	0	0	cell = 560 to 567
0	0	0	0	0	0	0	0	cell = 568 to 575
0	0	0	0	0	0	0	0	cell = 576 to 583
0	0	0	0	0	0	0	0	cell = 584 to 591
0	0	0	0	0	0	0	0	cell = 592 to 599
0	0	0	0	0	0	0	0	cell = 600 to 607
0	0	0	0	0	0	0	0	cell = 608 to 615
0	0	0	0	0	0	0	0	cell = 616 to 623
0	0	0	0	0	0	0	0	cell = 624 to 631
0	0	0	0	0	0	0	0	cell = 632 to 639
0	0	0	0	0	0	0	0	cell = 640 to 647
0	0	0	0	0	0	0	0	cell = 648 to 655
0	0	0	0	0	0	0	0	cell = 656 to 663
0	0	0	0	0	0	0	0	cell = 664 to 671
0	0	0	0	0	0	0	0	cell = 672 to 679
0	0	0	0	0	0	0	0	cell = 680 to 687
0	0	0	0	0	0	0	0	cell = 688 to 695
0	0	0	0	0	0	0	0	cell = 696 to 703
0	0	0	0	0	0	0	0	cell = 704 to 711
0	0	0	0	0	0	0	0	cell = 712 to 719
0	0	0	0	0	0	0	0	cell = 720 to 727
0	0	0	0	0	0	0	0	cell = 728 to 735
0	0	0	0	0	0	0	0	cell = 736 to 743
0	0	0	0	0	0	0	0	cell = 744 to 751
0	0	0	0	0	0	0	0	cell = 752 to 759
0	0	0	0	0	0	0	0	cell = 760 to 767
0	0	0	0	0	0	0	0	cell = 768 to 775
0	0	0	0	0	0	0	0	cell = 776 to 783
0	0	0	0	0	0	0	0	cell = 784 to 791
0	0	0	0	0	0	0	0	cell = 792 to 799
0	0	0	0	0	0	0	0	cell = 800 to 807
0	0	0	0	0	0	0	0	cell = 808 to 815
0	0	0	0	0	0	0	0	cell = 816 to 823
0	0	0	0	0	0	0	0	cell = 824 to 831
0	0	0	0	0	0	0	0	cell = 832 to 839
0	0	0	0	0	0	0	0	cell = 840 to 847
0	0	0	0	0	0	0	0	cell = 848 to 855
0	0	0	0	0	0	0	0	cell = 856 to 863
0	0	0	0	0	0	0	0	cell = 864 to 871
0	0	0	0	0	0	0	0	cell = 872 to 879
0	0	0	0	0	0	0	0	cell = 880 to 887
0	0	0	0	0	0	0	0	cell = 888 to 895
0	0	0	0	0	0	0	0	cell = 896 to 903
0	0	0	0	0	0	0	0	cell = 904 to 911
0	0	0	0	0	0	0	0	cell = 912 to 919
0	0	0	0	0	0	0	0	cell = 920 to 927
0	0	0	0	0	0	0	0	cell = 928 to 935
0	0	0	0	0	0	0	0	cell = 936 to 943
0	0	0	0	0	0	0	0	cell = 944 to 951
0	0	0	0	0	0	0	0	cell = 952 to 959
0	0	0	0	0	0	0	0	cell = 960 to 967
0	0	0	0	0	0	0	0	cell = 968 to 975
0	0	0	0	0	0	0	0	cell = 976 to 983
0	0	0	0	0	0	0	0	cell = 984 to 991
0	0	0	0	0	0	0	0	cell = 992 to 999
0	0	0	0	0	0	0	0	cell = 1000 to 1007
0	0	0	0	0	0	0	0	cell = 1008 to 1015
0	0	0	0	0	0	0	0	cell = 1016 to 1023
Calibration values from cell 0 to 1024 for channel 2:

0	0	0	0	0	0	0	0	cell = 0 to 7
0	0	0	0	0	0	0	0	cell = 8 to 15
0	0	0	0	0	0	0	0	cell = 16 to 23
0	0	0	0	0	0	0	0	cell = 24 to 31
0	0	0	0	0	0	0	0	cell = 32 to 39
0	0	0	0	0	0	0	0	cell = 40 to 47
0	0	0	0	0	0	0	0	cell = 48 to 55
0	0	0	0	0	0	0	0	cell = 56 to 63
0	0	0	0	0	0	0	0	cell = 64 to 71
0	0	0	0	0	0	0	0	cell = 72 to 79
0	0	0	0	0	0	0	0	cell = 80 to 87
0	0	0	0	0	0	0	0	cell = 88 to 95
0	0	0	0	0	0	0	0	cell = 96 to 103
0	0	0	0	0	0	0	0	cell = 104 to 111
0	0	0	0	0	0	0	0	cell = 112 to 119
0	0	0	0	0	0	0	0	cell = 120 to 127
0	0	0	0	0	0	0	0	cell = 128 to 135
0	0	0	0	0	0	0	0	cell = 136 to 143
0	0	0	0	0	0	0	0	cell = 144 to 151
0	0	0	0	0	0	0	0	cell = 152 to 159
0	0	0	0	0	0	0	0	cell = 160 to 167
0	0	0	0	0	0	0	0	cell = 168 to 175
0	0	0	0	0	0	0	0	cell = 176 to 183
0	0	0	0	0	0	0	0	cell = 184 to 191
0	0	0	0	0	0	0	0	cell = 192 to 199
0	0	0	0	0	0	0	0	cell = 200 to 207
0	0	0	0	0	0	0	0	cell = 208 to 215
0	0	0	0	0	0	0	0	cell = 216 to 223
0	0	0	0	0	0	0	0	cell = 224 to 231
0	0	0	0	0	0	0	0	cell = 232 to 239
0	0	0	0	0	0	0	0	cell = 240 to 247
0	0	0	0	0	0	0	0	cell = 248 to 255
0	0	0	0	0	0	0	0	cell = 256 to 263
0	0	0	0	0	0	0	0	cell = 264 to 271
0	0	0	0	0	0	0	0	cell = 272 to 279
0	0	0	0	0	0	0	0	cell = 280 to 287
0	0	0	0	0	0	0	0	cell = 288 to 295
0	0	0	0	0	0	0	0	cell = 296 to 303
0	0	0	0	0	0	0	0	cell = 304 to 311
0	0	0	0	0	0	0	0	cell = 312 to 319
0	0	0	0	0	0	0	0	cell = 320 to 327
0	0	0	0	0	0	0	0	cell = 328 to 335
0	0	0	0	0	0	0	0	cell = 336 to 343
0	0	0	0	0	0	0	0	cell = 344 to 351
0	0	0	0	0	0	0	0	cell = 352 to 359
0	0	0	0	0	0	0	0	cell = 360 to 367
0	0	0	0	0	0	0	0	cell = 368 to 375
0	0	0	0	0	0	0	0	cell = 376 to 383
0	0	0	0	0	0	0	0	cell = 384 to 391
0	0	0	0	0	0	0	0	cell = 392 to 399
0	0	0	0	0	0	0	0	cell = 400 to 407
0	0	0	0	0	0	0	0	cell = 408 to 415
0	0	0	0	0	0	0	0	cell = 416 to 423
0	0	0	0	0	0	0	0	cell = 424 to 431
0	0	0	0	0	0	0	0	cell = 432 to 439
0	0	0	0	0	0	0	0	cell = 440 to 447
0	0	0	0	0	0	0	0	cell = 448 to 455
0	0	0	0	0	0	0	0	cell = 456 to 463
0	0	0	0	0	0	0	0	cell = 464 to 471
0	0	0	0	0	0	0	0	cell = 472 to 479
0	0	0	0	0	0	0	0	cell = 480 to 487
0	0	0	0	0	0	0	0	cell = 488 to 495
0	0	0	0	0	0	0	0	cell = 496 to 503
0	0	0	0	0	0	0	0	cell = 504 to 511
0	0	0	0	0	0	0	0	cell = 512 to 519
0	0	0	0	0	0	0	0	cell = 520 to 527
0	0	0	0	0	0	0	0	cell = 528 to 535
0	0	0	0	0	0	0	0	cell = 536 to 543
0	0	0	0	0	0	0	0	cell = 544 to 551
0	0	0	0	0	0	0	0	cell = 552 to 559
0	0	0	0	0	0	0	0	cell = 560 to 567
0	0	0	0	0	0	0	0	cell = 568 to 575
0	0	0	0	0	0	0	0	cell = 576 to 583
0	0	0	0	0	0	0	0	cell = 584 to 591
0	0	0	0	0	0	0	0	cell = 592 to 599
0	0	0	0	0	0	0	0	cell = 600 to 607
0	0	0	0	0	0	0	0	cell = 608 to 615
0	0	0	0	0	0	0	0	cell = 616 to 623
0	0	0	0	0	0	0	0	cell = 624 to 631
0	0	0	0	0	0	0	0	cell = 632 to 639
0	0	0	0	0	0	0	0	cell = 640 to 647
0	0	0	0	0	0	0	0	cell = 648 to 655
0	0	0	0	0	0	0	0	cell = 656 to 663
0	0	0	0	0	0	0	0	cell = 664 to 671
0	0	0	12078	31075	28263	29557	26207	cell = 672 to 679
101	18515	19525	15692	25135	28265	25135	29537	cell = 680 to 687
104	16713	24397	17747	22098	21061	26685	29812	cell = 688 to 695
29552	12090	26927	28001	25390	28524	25717	26926	cell = 696 to 703
26222	11886	29801	47	21834	22864	17748	24402	cell = 704 to 711
20291	17998	18249	17503	21065	12093	28520	25965	cell = 712 to 719
29487	26223	30580	29281	12133	28530	29807	25183	cell = 720 to 727
26997	25708	25903	25460	28207	29807	25189	28527	cell = 728 to 735
107	22861	20819	24396	20304	21586	13885	13104	cell = 736 to 743
51	18765	16708	24403	22597	21584	16961	12093	cell = 744 to 751
28520	25965	29487	26223	30580	29281	12133	24932	cell = 752 to 759
12145	28463	27758	28265	12133	30821	29808	25185	cell = 760 to 767
17152	17729	21326	21337	12093	29557	12146	28524	cell = 768 to 775
24931	12140	16707	20037	47	16713	24397	19523	cell = 776 to 783
17737	21582	21343	17221	17746	15700	20545	16961	cell = 784 to 791
16758	29044	27479	21842	13128	20807	19558	21609	cell = 792 to 799
31306	18242	29033	28742	22095	19255	27981	23140	cell = 800 to 807
19572	29775	23160	21607	13935	29265	22390	18777	cell = 808 to 815
14381	16730	16729	18534	24937	18038	29811	27189	cell = 816 to 823
30061	20811	11621	26214	26223	13426	30017	25904	cell = 824 to 831
16714	103	21076	19783	17487	18783	17230	18756	cell = 832 to 839
12626	12093	28520	25965	29487	26223	30580	29281	cell = 840 to 847
12133	24944	28520	27950	29809	11892	11619	28265	cell = 848 to 855
29811	27745	12140	28265	27747	25717	101	21076	cell = 856 to 863
19783	17487	18783	17230	18756	12882	12093	28520	cell = 864 to 871
25965	29487	26223	30580	29281	12133	24944	28520	cell = 872 to 879
27950	29809	11892	28771	11632	28265	29811	27745	cell = 880 to 887
12140	28265	27747	25717	101	18765	16708	21331	cell = 888 to 895
21337	12093	28520	25965	29487	26223	30580	29281	cell = 896 to 903
12133	27951	25705	29537	17152	19777	21061	24385	cell = 904 to 911
20041	17475	21065	12093	29557	12146	28524	24931	cell = 912 to 919
12140	25444	28001	25715	13419	26927	25454	19456	cell = 920 to 927
24387	17473	21060	21317	15699	29801	18783	11860	cell = 928 to 935
21589	11590	56	16707	20037	19798	24389	20041	cell = 936 to 943
17475	21065	12093	29557	12146	28524	24931	12140	cell = 944 to 951
16707	20037	12079	16707	20037	19798	19525	25193	cell = 952 to 959
12845	13614	12080	28265	27747	25717	101	17228	cell = 960 to 967
20063	19777	15685	29801	18783	11860	21589	11590	cell = 968 to 975
56	16707	20037	19798	15685	29999	29299	27695	cell = 976 to 983
25455	27745	17199	17729	12110	17199	17729	22094	cell = 984 to 991
17741	26956	11618	11826	12341	18944	21075	20303	cell = 992 to 999
21332	21337	26685	28015	12133	28531	29798	24951	cell = 1000 to 1007
25970	27183	29299	28527	116	19523	20041	24391	cell = 1008 to 1015
21587	20033	16708	17490	20575	18499	28221	28271	cell = 1016 to 1023
Calibration values from cell 0 to 1024 for channel 3:

101	17228	19807	20047	21573	21057	15705	29801	cell = 0 to 7
18783	11860	21589	11590	56	22352	15684	26671	cell = 8 to 15
28015	12133	29811	28257	24932	25714	25647	29025	cell = 16 to 23
28463	27758	28265	101	20300	20039	19777	15685	cell = 24 to 31
29811	28257	24932	25714	20736	22867	24403	20306	cell = 32 to 39
21583	18756	15698	26671	28015	12133	29811	28257	cell = 40 to 47
24932	25714	28975	24949	29810	29557	28767	26994	cell = 48 to 55
25965	27743	29801	12133	12594	12590	28975	24949	cell = 56 to 63
29810	29557	29487	28783	24419	30050	27753	25956	cell = 64 to 71
12146	26978	110	17496	24391	17747	21331	20297	cell = 72 to 79
24398	22868	17744	29757	31092	17408	20801	21087	cell = 80 to 87
20303	15700	26671	28015	12133	28531	29798	24951	cell = 88 to 95
25970	25647	29025	47	21834	22864	17748	24402	cell = 96 to 103
17747	22098	21061	21855	19538	26685	29812	14960	cell = 104 to 111
12079	11824	11824	11824	14896	14392	14392	47	cell = 112 to 119
16717	20558	21569	15688	26671	28015	12133	28531	cell = 120 to 127
29798	24951	25970	29231	28527	24436	30050	27753	cell = 128 to 135
12132	24941	14958	29999	29299	27695	25455	27745	cell = 136 to 143
27951	28257	12090	29557	12146	28524	24931	12140	cell = 144 to 151
26739	29281	12133	24941	14958	29999	29299	29487	cell = 152 to 159
24936	25970	27951	28257	19712	21337	19537	21087	cell = 160 to 167
20303	24404	16720	21331	20311	17490	14653	13623	cell = 168 to 175
26164	12597	25392	12849	14438	12646	12336	25397	cell = 176 to 183
25188	13873	25444	12597	13112	25396	52	20307	cell = 184 to 191
21574	21087	20303	15700	26671	28015	12133	28531	cell = 192 to 199
29798	24951	25970	47	16713	24397	19523	17737	cell = 200 to 207
21582	18783	15684	25140	13109	13154	12601	25901	cell = 208 to 215
24887	11568	12852	25186	25133	13669	11620	13921	cell = 216 to 223
12337	25401	24881	13413	13667	19712	21583	24388	cell = 224 to 231
18515	22351	15694	24944	109	22861	20819	24396	cell = 232 to 239
16720	21331	20311	17490	25917	25139	13876	25954	cell = 240 to 247
24932	13881	12341	14641	14647	14391	14178	14178	cell = 248 to 255
14437	13360	13366	14182	51	18764	17742	15699	cell = 256 to 263
14131	19712	21337	19537	21855	17747	15698	31075	cell = 264 to 271
28263	24431	29296	25711	25461	29285	18432	19791	cell = 272 to 279
15685	26671	28015	12133	29811	28257	24932	25714	cell = 280 to 287
21248	19528	16969	20575	21569	15688	26671	28015	cell = 288 to 295
12133	28531	29798	24951	25970	29231	28527	24436	cell = 296 to 303
30050	27753	12132	26988	98	16716	18254	17213	cell = 304 to 311
21806	18004	14381	19456	24387	16720	17744	15698	cell = 312 to 319
29801	18783	11860	21589	11590	56	22852	17484	cell = 320 to 327
19551	16969	16722	22866	20575	21569	15688	26671	cell = 328 to 335
28015	12133	28531	29798	24951	25970	29231	28527	cell = 336 to 343
24436	30050	27753	12132	26988	98	21324	17247	cell = 344 to 351
19535	21071	15699	29554	12349	25658	15721	12592	cell = 352 to 359
13115	14900	28268	12349	15153	13875	27962	15720	cell = 360 to 367
12336	28730	15721	12340	13115	14899	28531	12349	cell = 368 to 375
15153	13619	25658	15727	12592	13115	14901	25698	cell = 376 to 383
13373	15152	13107	12347	14897	25699	13373	15152	cell = 384 to 391
13107	12347	14897	29295	13373	15152	12595	12347	cell = 392 to 399
14897	26989	12349	14896	30067	13117	15159	12596	cell = 400 to 407
29498	15719	12339	13371	14899	24931	13117	15152	cell = 408 to 415
12596	29754	15735	12339	13371	14898	30575	13117	cell = 416 to 423
15156	12852	29498	15732	14131	13371	14900	30821	cell = 424 to 431
12349	15153	12851	10810	29742	29281	12349	15153	cell = 432 to 439
12595	10810	29742	31335	12349	15153	12595	10810	cell = 440 to 447
24878	25458	12349	15153	12595	10810	24878	27250	cell = 448 to 455
12349	15153	12595	10810	29742	31329	12349	15153	cell = 456 to 463
12595	10810	27694	24936	12349	15153	12595	10810	cell = 464 to 471
27694	13434	12349	15153	12595	10810	27694	26746	cell = 472 to 479
12349	15153	12595	10810	27694	28026	15713	12592	cell = 480 to 487
13115	14897	11818	27764	15738	12592	13115	14897	cell = 488 to 495
11818	30836	15738	12592	13115	14897	11818	31348	cell = 496 to 503
15727	12592	13115	14897	11818	14196	15738	12592	cell = 504 to 511
13115	14897	11818	27002	15728	12592	13115	14897	cell = 512 to 519
11818	15738	12592	13115	14897	11818	31332	12349	cell = 520 to 527
15153	12595	10810	26414	15738	12592	13115	14897	cell = 528 to 535
11818	29292	15738	12592	13115	14897	11818	31340	cell = 536 to 543
12349	15153	12595	10810	27694	28538	12349	15153	cell = 544 to 551
12595	10810	30766	15738	12592	13115	14897	11818	cell = 552 to 559
29562	15732	12592	13115	14897	11818	31348	29811	cell = 560 to 567
12349	15153	12595	10810	25134	12922	12349	15153	cell = 568 to 575
12595	10810	25134	15738	12592	13115	14897	11818	cell = 576 to 583
25204	15738	12592	13115	14897	11818	25204	12922	cell = 584 to 591
12349	15153	12595	10810	29742	15738	12592	13115	cell = 592 to 599
14897	11818	25956	15714	12592	13115	14897	11818	cell = 600 to 607
28786	15725	12592	13115	14897	11818	24938	15730	cell = 608 to 615
12592	13115	14897	11818	24951	15730	12592	13115	cell = 616 to 623
14897	11818	24933	15730	12592	13115	14897	11818	cell = 624 to 631
24947	15730	12592	13115	14897	11818	24946	15730	cell = 632 to 639
12592	13115	14897	11818	27745	15738	12592	13115	cell = 640 to 647
14897	11818	25441	15717	12592	13115	14897	11818	cell = 648 to 655
28538	15727	12592	13115	14897	11818	28771	28521	cell = 656 to 663
12349	15153	12595	10810	14126	15738	12592	13115	cell = 664 to 671
14897	11818	31346	12349	15153	12595	10810	25390	cell = 672 to 679
25185	12349	15153	12595	10810	30510	28009	12349	cell = 680 to 687
15153	12595	10810	29486	28023	12349	15153	12595	cell = 688 to 695
10810	25646	28023	12349	15153	12595	10810	25902	cell = 696 to 703
25715	12349	15153	12595	10810	27182	26480	12349	cell = 704 to 711
15153	13619	10810	27182	25968	15719	12592	13115	cell = 712 to 719
14901	11818	27245	26480	12349	15153	13619	10810	cell = 720 to 727
27950	28778	26469	12349	15153	13619	10810	26414	cell = 728 to 735
26217	12349	15153	13619	10810	25134	28781	12349	cell = 736 to 743
15153	13619	10810	28718	28002	12349	15153	13619	cell = 744 to 751
10810	28718	28007	12349	15153	13619	10810	28718	cell = 752 to 759
28016	12349	15153	13619	10810	29742	24935	12349	cell = 760 to 767
15153	13619	10810	30766	28002	12349	15153	13619	cell = 768 to 775
10810	30766	28016	12349	15153	13619	10810	29742	cell = 776 to 783
26217	12349	15153	13619	10810	29742	26217	15718	cell = 784 to 791
12592	13115	14901	11818	28272	15719	12592	13115	cell = 792 to 799
14901	11818	30323	15719	12592	13115	14901	11818	cell = 800 to 807
30323	31335	12349	15153	13619	10810	27950	26478	cell = 808 to 815
12349	15153	13619	10810	28718	30819	12349	15153	cell = 816 to 823
13619	10810	27950	30319	12349	15153	13619	10810	cell = 824 to 831
27950	26480	12349	15153	13619	10810	27950	25968	cell = 832 to 839
15719	12592	13115	14901	11818	12909	15734	12592	cell = 840 to 847
13115	14901	11818	27501	15734	12592	13115	14901	cell = 848 to 855
11818	25975	28002	12349	15153	13619	10810	28462	cell = 856 to 863
28007	12349	15153	13619	10810	27950	13424	12349	cell = 864 to 871
15153	13619	10810	27950	30260	12349	15153	13619	cell = 872 to 879
10810	27950	13424	15734	12592	13115	14901	11818	cell = 880 to 887
28534	15714	12592	13115	14901	11818	29809	12349	cell = 888 to 895
15153	13619	10810	28206	30325	12349	15153	13619	cell = 896 to 903
10810	30510	30317	12349	15153	13619	10810	24878	cell = 904 to 911
26227	12349	15153	13619	10810	29230	15725	12592	cell = 912 to 919
13115	14901	11818	28018	25206	12349	15153	13619	cell = 920 to 927
10810	26158	25452	12349	15153	13619	10810	24878	cell = 928 to 935
26998	12349	15153	13619	10810	26158	26988	12349	cell = 936 to 943
15153	13619	10810	26158	30316	12349	15153	13619	cell = 944 to 951
10810	26414	15724	12592	13115	14901	11818	27748	cell = 952 to 959
12349	15153	13619	10810	30766	26211	12349	15153	cell = 960 to 967
13619	10810	30766	25719	12349	15153	13619	10810	cell = 968 to 975
31022	30325	12349	15153	13619	10810	25390	28007	cell = 976 to 983
12349	15153	13619	10810	25902	26221	12349	15153	cell = 984 to 991
13619	10810	28462	30311	12349	15153	13619	10810	cell = 992 to 999
28462	30823	12349	15153	13619	10810	24878	25441	cell = 1000 to 1007
12349	15152	13875	10810	24878	15733	12336	13115	cell = 1008 to 1015
14902	11818	27750	25441	12349	15152	13875	10810	cell = 1016 to 1023
Calibration values from cell 0 to 1024 for channel 4:

27950	24884	12349	15152	13875	10810	27950	25705	cell = 0 to 7
12349	15152	13875	10810	27950	25705	15721	12336	cell = 8 to 15
13115	14902	11818	27501	15713	12336	13115	14902	cell = 16 to 23
11818	28781	15667	12336	13115	14902	11818	28781	cell = 24 to 31
15715	12336	13115	14902	11818	26479	15719	12336	cell = 32 to 39
13115	14902	11818	24946	12349	15152	13875	10810	cell = 40 to 47
30510	30305	12349	15152	13875	10810	28462	24935	cell = 48 to 55
12349	15152	13875	10810	28462	30064	15731	12336	cell = 56 to 63
13115	14902	11818	28787	15736	12336	13115	14902	cell = 64 to 71
11818	29560	26224	12349	15152	13875	58	18765	cell = 72 to 79
16708	24403	22597	21584	20063	19777	15685	22851	cell = 80 to 87
20039	21333	21087	68	20291	21836	20045	15699	cell = 88 to 95
12849	51	20306	21583	20033	21313	21337	12093	cell = 96 to 103
28520	25965	29487	26223	30580	29281	12133	28530	cell = 104 to 111
29807	28257	97	19779	19265	24389	21072	17989	cell = 112 to 119
22601	20575	21569	15688	26671	28015	12133	28531	cell = 120 to 127
29798	24951	25970	29231	28527	24436	30050	27753	cell = 128 to 135
100	22864	17732	17494	21855	17747	18015	16722	cell = 136 to 143
17741	17759	16726	15692	20302	21248	18515	17247	cell = 144 to 151
20047	17742	21571	20297	15694	14641	11827	12338	cell = 152 to 159
11830	13624	12846	14388	13344	13881	14391	12576	cell = 160 to 167
12857	12590	14390	12590	12590	14137	12832	50	cell = 168 to 175
20306	17741	22867	15699	26671	28015	12133	28531	cell = 176 to 183
29798	24951	25970	12079	28530	25965	19456	21317	cell = 184 to 191
17235	20300	17747	12093	29557	12146	26978	12142	cell = 192 to 199
25964	29555	26992	25968	9504	8307	29477	22528	cell = 200 to 207
18244	21343	21317	18771	20047	17247	16716	21331	cell = 208 to 215
30013	25971	114	21834	22864	17748	24402	17747	cell = 216 to 223
22098	21061	21087	20303	15700	26671	28015	12133	cell = 224 to 231
29811	28257	24932	25714	20480	21593	20296	20558	cell = 232 to 239
21569	15688	26671	28015	12133	28531	29798	24951	cell = 240 to 247
25970	29231	28527	24436	30050	27753	12132	26988	cell = 248 to 255
14946	26671	28015	12133	28531	29798	24951	25970	cell = 256 to 263
12079	26989	24932	12147	31088	26740	28271	12090	cell = 264 to 271
28520	25965	29487	26223	30580	29281	12133	27951	cell = 272 to 279
25705	29537	28719	29817	28520	110	17748	19794	cell = 280 to 287
30781	25972	28018	12845	13877	28515	28524	114	cell = 288 to 295
17228	18783	17732	21582	17993	17225	21569	20297	cell = 296 to 303
15694	29801	18783	11860	21589	11590	56	17740	cell = 304 to 311
21331	20559	20037	31805	12064	29557	12146	26978	cell = 312 to 319
12142	25964	29555	26992	25968	9504	115	21333	cell = 320 to 327
21061	29501	24948	25710	29281	100	17746	21062	cell = 328 to 335
21317	24392	20308	17739	15694	31077	26698	18274	cell = 336 to 343
26979	26959	30026	12898	27701	28233	11824	31077	cell = 344 to 351
29002	18276	26987	26959	30793	17485	12885	17486	cell = 352 to 359
26694	21338	31280	17487	26732	21580	13137	22350	cell = 360 to 367
29785	21593	31079	26969	27185	12878	27974	27214	cell = 368 to 375
12395	27214	12613	21593	26979	20838	46	18767	cell = 376 to 383
17220	24388	18768	15684	17152	17729	22094	17741	cell = 384 to 391
19551	16969	18756	15698	29999	29299	27695	25455	cell = 392 to 399
27745	17199	17729	12110	17199	17729	22094	17741	cell = 400 to 407
26956	11618	11826	12341	27695	25193	30767	13366	cell = 408 to 415
20224	17481	17475	20575	17481	18015	19529	15685	cell = 416 to 423
29743	28781	28463	25705	11619	26465	28261	11636	cell = 424 to 431
25971	30322	25449	12133	12337	12336	28463	25705	cell = 432 to 439
11619	26465	28261	11892	26992	100	18764	20546	cell = 440 to 447
21569	15688	26671	28015	12133	28531	29798	24951	cell = 448 to 455
25970	29231	28527	24436	30050	27753	12132	26988	cell = 456 to 463
98	18515	22092	15692	50	22864	21592	21061	cell = 464 to 471
24397	18756	17741	21326	20297	21326	14397	30768	cell = 472 to 479
13618	18176	21577	17759	18756	20308	15698	28005	cell = 480 to 487
25441	8307	28205	119	17228	21599	19525	20549	cell = 488 to 495
20296	17742	26941	24436	21577	21806	18004	14381	cell = 496 to 503
18944	20565	21593	21061	20575	21569	15688	26671	cell = 504 to 511
28015	12133	28531	29798	24951	25970	29231	28527	cell = 512 to 519
24436	30050	27753	12132	29797	12131	28526	25972	cell = 520 to 527
28514	27503	19712	21337	19537	17503	21569	16961	cell = 528 to 535
21313	15685	31075	28263	24431	25188	19456	24387	cell = 536 to 543
17741	21313	21077	19781	20037	15700	29801	18783	cell = 544 to 551
11860	21589	11590	56	20306	21583	22867	15699	cell = 552 to 559
26671	28015	12133	28531	29798	24951	25970	29231	cell = 560 to 567
28527	24436	30050	27753	100	17496	24391	17747	cell = 568 to 575
21331	20297	24398	17481	12861	12599	19712	17497	cell = 576 to 583
18770	17750	24402	18756	15698	26671	28015	12133	cell = 584 to 591
28531	29798	24951	25970	25647	29025	12079	28271	cell = 592 to 599
26988	25966	27951	25721	26994	25974	29554	18176	cell = 600 to 607
24390	17747	21827	18770	22868	16735	19780	20041	cell = 608 to 615
20575	21313	22355	21071	15684	14137	13365	13670	cell = 616 to 623
12337	12643	26162	26168	12337	13616	25699	12642	cell = 624 to 631
25654	13667	14385	13363	13411	18176	24390	17747	cell = 632 to 639
21827	18770	22868	16735	19780	20041	21855	17747	cell = 640 to 647
15698	25697	26989	110	17484	19551	16969	16722	cell = 648 to 655
22866	20575	21569	15688	14894	26671	28015	12133	cell = 656 to 663
28531	29798	24951	25970	29231	28527	24436	30050	cell = 664 to 671
27753	12132	26988	14946	14894	26671	28015	12133	cell = 672 to 679
28531	29798	24951	25970	28719	26721	11887	29037	cell = 680 to 687
29812	25390	26925	29550	24948	27756	27695	25193	cell = 688 to 695
12090	28520	25965	29487	26223	30580	29281	12133	cell = 696 to 703
24944	28520	27950	29809	11892	28771	11632	28265	cell = 704 to 711
29811	27745	12140	26988	14946	29999	29299	27695	cell = 712 to 719
25193	30767	13880	13919	11572	26988	30062	11640	cell = 720 to 727
28263	12149	12090	28520	25965	29487	24948	25710	cell = 728 to 735
29281	12132	30065	29281	30068	24435	29296	28009	cell = 736 to 743
24421	26988	25972	12847	11825	12081	30065	29281	cell = 744 to 751
30068	12147	26988	30062	13944	12084	12090	28520	cell = 752 to 759
25965	29487	26223	30580	29281	12133	24944	28520	cell = 760 to 767
27950	29809	11892	11619	28265	29811	27745	12140	cell = 768 to 775
26988	14946	26671	28015	12133	28531	29798	24951	cell = 776 to 783
25970	28719	26721	11887	29037	29812	25390	28784	cell = 784 to 791
26925	29550	24948	27756	27695	25193	12090	29557	cell = 792 to 799
12146	26988	12130	14456	24374	13366	27693	28265	cell = 800 to 807
30837	26413	30062	14895	26671	28015	12133	29811	cell = 808 to 815
28257	24932	25714	28975	24949	29810	29557	28767	cell = 816 to 823
26994	25965	27743	29801	12133	12594	12590	28975	cell = 824 to 831
24949	29810	29557	27695	28265	30837	13366	47	cell = 832 to 839
17228	17247	22868	17744	17213	21806	18004	14381	cell = 840 to 847
22528	18244	21087	20053	18772	17741	17503	21065	cell = 848 to 855
12093	30066	12142	29557	29285	12591	12336	48	cell = 856 to 863
18765	16708	24403	16717	24408	22085	20037	24404	cell = 864 to 871
18771	17754	12605	12336	12336	12336	12336	48	cell = 872 to 879
21331	24392	19523	17737	21582	12605	13113	12846	cell = 880 to 887
13872	14382	11829	13362	8248	14644	14134	8248	cell = 888 to 895
12850	19456	24387	18772	17741	26941	24436	21577	cell = 896 to 903
21806	18004	14381	17152	17729	18510	24406	18764	cell = 904 to 911
17474	21065	12093	29557	12146	28524	24931	12140	cell = 912 to 919
16707	20037	12079	16707	20037	22088	29271	28769	cell = 920 to 927
25968	11634	11829	12856	27695	25193	30767	13366	cell = 928 to 935
22528	18244	17503	21569	24385	18756	21330	12093	cell = 936 to 943
29557	12146	28524	24931	12140	26739	29281	14949	cell = 944 to 951
29999	29299	29487	24936	25970	12090	24950	12146	cell = 952 to 959
26988	12130	28275	28769	12132	25956	27507	28532	cell = 960 to 967
112	16720	18516	12093	28520	25965	29487	24948	cell = 968 to 975
25710	29281	12132	27694	25455	27745	25135	28265	cell = 976 to 983
12090	28520	25965	29487	24948	25710	29281	12132	cell = 984 to 991
30065	29281	30068	24435	29296	28009	24421	26988	cell = 992 to 999
25972	12847	11825	12081	30065	29281	30068	12147	cell = 1000 to 1007
26978	14958	26671	28015	12133	28531	29798	24951	cell = 1008 to 1015
25970	12079	28530	25965	25135	28265	12090	28520	cell = 1016 to 1023
Calibration values from cell 0 to 1024 for channel 5:

25965	29487	26223	30580	29281	12133	28530	29807	cell = 0 to 7
25183	26997	25708	25135	28265	12090	28520	25965	cell = 8 to 15
29487	24948	25710	29281	12132	27694	25455	27745	cell = 16 to 23
25135	28265	12090	28520	25965	29487	24948	25710	cell = 24 to 31
29281	12132	30065	29281	30068	24435	29296	28009	cell = 32 to 39
24421	26988	25972	12847	11825	12081	30065	29281	cell = 40 to 47
30068	12147	26978	14958	26671	28015	12133	28531	cell = 48 to 55
29798	24951	25970	12079	28530	25965	25135	28265	cell = 56 to 63
12090	29557	12146	28524	24931	12140	25203	28265	cell = 64 to 71
12090	29557	12146	28524	24931	12140	26978	14958	cell = 72 to 79
29999	29299	29487	26978	14958	29999	29299	25135	cell = 80 to 87
28265	12090	25203	28265	12090	26978	14958	29999	cell = 88 to 95
29299	26415	28001	29541	12090	29557	12146	28524	cell = 96 to 103
24931	12140	24935	25965	14963	29487	24942	12144	cell = 104 to 111
26978	14958	26671	28015	12133	28531	29798	24951	cell = 112 to 119
25970	12079	26989	24932	12147	26978	14958	26671	cell = 120 to 127
28015	12133	28531	29798	24951	25970	12079	26989	cell = 128 to 135
24932	12147	26978	110	16707	20037	22088	18783	cell = 136 to 143
17230	18756	15698	29999	29299	27695	25455	27745	cell = 144 to 151
17199	17729	12110	17199	17729	18510	22358	24946	cell = 152 to 159
28784	29285	13613	14382	12082	28265	27747	25717	cell = 160 to 167
101	16964	21333	21343	21317	18771	20047	16991	cell = 168 to 175
21333	16735	17476	17746	21331	30013	26990	14968	cell = 176 to 183
24944	26740	12093	30066	12142	29557	29285	12591	cell = 184 to 191
12336	12080	30050	115	21331	24392	21588	15705	cell = 192 to 199
25647	30309	28719	29556	12591	17664	18516	21061	cell = 200 to 207
17742	24404	20041	17475	21065	12093	28520	25965	cell = 208 to 215
29487	26223	30580	29281	12133	24932	12145	28463	cell = 216 to 223
27758	28265	12133	31085	29284	30313	29285	12147	cell = 224 to 231
29797	25960	28274	29797	20224	17481	24387	20307	cell = 232 to 239
19267	12093	28020	12144	26991	25444	24877	25959	cell = 240 to 247
29806	29485	29285	26998	25955	12591	12336	12080	cell = 248 to 255
26991	25444	24877	25959	29806	29486	25455	107	cell = 256 to 263
16707	20037	22088	12093	29557	12146	28524	24931	cell = 264 to 271
12140	16707	20037	12079	16707	20037	22088	29271	cell = 272 to 279
28769	25968	11634	11829	12856	21504	18258	20301	cell = 280 to 287
24388	18764	17474	21065	15665	26671	28015	12133	cell = 288 to 295
28531	29798	24951	25970	28719	26721	11887	29037	cell = 296 to 303
29812	25390	26925	29550	24948	27756	27695	25193	cell = 304 to 311
21504	18258	20301	24388	18764	17474	21065	15666	cell = 312 to 319
26671	28015	12133	28531	29798	24951	25970	28719	cell = 320 to 327
26721	11887	29037	29812	25390	28784	26925	29550	cell = 328 to 335
24948	27756	27695	25193	17152	19777	21061	24385	cell = 336 to 343
18764	17474	21065	12093	29557	12146	28524	24931	cell = 344 to 351
12140	26988	98	17228	20063	19797	21061	17225	cell = 352 to 359
26941	24436	21577	21806	18004	14381	20224	17484	cell = 360 to 367
22352	15684	26671	28015	12133	29811	28257	24932	cell = 368 to 375
25714	25647	29025	28463	27758	28265	12133	29795	cell = 376 to 383
25185	25964	115	22861	20819	24396	20553	12605	cell = 384 to 391
12595	12590	13365	14638